28 28 1
0.0 0.0 0.0 0.0 0.0 0.0 0.0 0.0 0.0 0.0 0.0 0.0 0.0 0.0 0.0 0.0 0.0 0.0 0.0 0.0 0.0 0.0 0.0 0.0 0.0 0.0 0.0 0.0 
0.0 0.0 0.0 0.0 0.0 0.0 0.0 0.0 0.0 0.0 0.0 0.0 0.0 0.0 0.0 0.0 0.0 0.0 0.0 0.0 0.0 0.0 0.0 0.0 0.0 0.0 0.0 0.0 
0.0 0.0 0.0 0.0 0.0 0.0 0.0 0.0 0.0 0.0 0.0 0.0 0.0 0.0 0.0 0.0 0.0 0.0 0.0 0.0 0.0 0.0 0.0 0.0 0.0 0.0 0.0 0.0 
0.0 0.0 0.0 0.0 0.0 0.0 0.0 0.0 0.0 0.0 0.0 0.0 0.0 0.0 0.0 0.0 0.0 0.0 0.0 0.0 0.0 0.0 0.0 0.0 0.0 0.0 0.0 0.0 
0.0 0.0 0.0 0.0 0.0 0.0 0.0 0.0 0.0 0.0 0.0 0.0 0.0 0.0 0.26666668 0.99607843 1.0 0.99607843 0.41960785 0.0 0.0 0.0 0.0 0.0 0.0 0.0 0.0 0.0 
0.0 0.0 0.0 0.0 0.0 0.0 0.0 0.0 0.0 0.0 0.0 0.0 0.043137256 0.6901961 0.9019608 0.99215686 0.99215686 0.99215686 0.83137256 0.0 0.0 0.0 0.0 0.0 0.0 0.0 0.0 0.0 
0.0 0.0 0.0 0.0 0.0 0.0 0.0 0.0 0.0 0.0 0.0 0.10980392 0.77254903 0.99215686 0.99215686 0.99215686 0.99215686 0.99215686 0.8980392 0.41960785 0.05490196 0.0 0.0 0.0 0.0 0.0 0.0 0.0 
0.0 0.0 0.0 0.0 0.0 0.0 0.0 0.0 0.0 0.0 0.0 0.7607843 0.99215686 0.99215686 0.99215686 0.99215686 0.99215686 0.99215686 0.99215686 0.99215686 0.20784314 0.0 0.0 0.0 0.0 0.0 0.0 0.0 
0.0 0.0 0.0 0.0 0.0 0.0 0.0 0.0 0.0 0.0 0.27058825 0.94509804 0.99215686 0.99215686 0.99215686 0.99215686 0.94509804 0.7294118 0.99215686 0.99215686 0.7647059 0.0 0.0 0.0 0.0 0.0 0.0 0.0 
0.0 0.0 0.0 0.0 0.0 0.0 0.0 0.0 0.0 0.039215688 0.6313726 0.99215686 0.99215686 0.99215686 0.9647059 0.15686275 0.22352941 0.90588236 0.99215686 0.99215686 0.7647059 0.0 0.0 0.0 0.0 0.0 0.0 0.0 
0.0 0.0 0.0 0.0 0.0 0.0 0.0 0.0 0.0 0.54901963 0.99215686 0.99215686 0.99215686 0.99215686 0.6039216 0.0 0.09803922 0.99215686 0.99215686 0.99215686 0.7647059 0.0 0.0 0.0 0.0 0.0 0.0 0.0 
0.0 0.0 0.0 0.0 0.0 0.0 0.0 0.0 0.0 0.8352941 0.99215686 0.99215686 0.99215686 0.5294118 0.03137255 0.0 0.011764706 0.5019608 0.99215686 0.99215686 0.7647059 0.0 0.0 0.0 0.0 0.0 0.0 0.0 
0.0 0.0 0.0 0.0 0.0 0.0 0.0 0.0 0.3019608 0.93333334 0.99215686 0.99215686 0.99215686 0.02745098 0.0 0.0 0.0 0.45490196 0.99215686 0.99215686 0.7647059 0.0 0.0 0.0 0.0 0.0 0.0 0.0 
0.0 0.0 0.0 0.0 0.0 0.0 0.0 0.043137256 0.64705884 0.99215686 0.99215686 0.90588236 0.27450982 0.003921569 0.0 0.0 0.0 0.30588236 0.92941177 0.99215686 0.7647059 0.0 0.0 0.0 0.0 0.0 0.0 0.0 
0.0 0.0 0.0 0.0 0.0 0.0 0.0 0.12941177 0.99215686 0.99215686 0.99215686 0.7137255 0.0 0.0 0.0 0.0 0.0 0.0 0.78431374 0.99215686 0.7647059 0.0 0.0 0.0 0.0 0.0 0.0 0.0 
0.0 0.0 0.0 0.0 0.0 0.0 0.0 0.38431373 0.99215686 0.99215686 0.99215686 0.09411765 0.0 0.0 0.0 0.0 0.0 0.0 0.16470589 0.99215686 0.7647059 0.0 0.0 0.0 0.0 0.0 0.0 0.0 
0.0 0.0 0.0 0.0 0.0 0.0 0.0 0.77254903 0.99215686 0.99215686 0.99215686 0.09411765 0.0 0.0 0.0 0.0 0.0 0.0 0.6392157 0.99215686 0.7647059 0.0 0.0 0.0 0.0 0.0 0.0 0.0 
0.0 0.0 0.0 0.0 0.0 0.0 0.0 0.77254903 0.99215686 0.99215686 0.7411765 0.050980393 0.0 0.0 0.0 0.0 0.0 0.20784314 0.8901961 0.99215686 0.4745098 0.0 0.0 0.0 0.0 0.0 0.0 0.0 
0.0 0.0 0.0 0.0 0.0 0.0 0.0 0.77254903 0.99215686 0.99215686 0.44705883 0.0 0.0 0.0 0.0 0.0 0.08235294 0.8901961 0.99215686 0.90588236 0.105882354 0.0 0.0 0.0 0.0 0.0 0.0 0.0 
0.0 0.0 0.0 0.0 0.0 0.0 0.0 0.77254903 0.99215686 0.99215686 0.44705883 0.0 0.0 0.0 0.019607844 0.5137255 0.56078434 0.99215686 0.90588236 0.23137255 0.0 0.0 0.0 0.0 0.0 0.0 0.0 0.0 
0.0 0.0 0.0 0.0 0.0 0.0 0.0 0.77254903 0.99215686 0.99215686 0.9254902 0.28627452 0.22745098 0.8509804 0.8745098 0.99215686 0.99215686 0.99215686 0.68235296 0.0 0.0 0.0 0.0 0.0 0.0 0.0 0.0 0.0 
0.0 0.0 0.0 0.0 0.0 0.0 0.0 0.77254903 0.99215686 0.99215686 0.99215686 0.99215686 0.99215686 0.99215686 0.99215686 0.99215686 0.99215686 0.99215686 0.1882353 0.0 0.0 0.0 0.0 0.0 0.0 0.0 0.0 0.0 
0.0 0.0 0.0 0.0 0.0 0.0 0.0 0.58431375 0.99215686 0.99215686 0.99215686 0.99215686 0.99215686 0.99215686 0.99215686 0.99215686 0.7137255 0.05882353 0.011764706 0.0 0.0 0.0 0.0 0.0 0.0 0.0 0.0 0.0 
0.0 0.0 0.0 0.0 0.0 0.0 0.0 0.047058824 0.65882355 0.99215686 0.99215686 0.99215686 0.99215686 0.99215686 0.972549 0.34901962 0.09019608 0.0 0.0 0.0 0.0 0.0 0.0 0.0 0.0 0.0 0.0 0.0 
0.0 0.0 0.0 0.0 0.0 0.0 0.0 0.0 0.0 0.0 0.0 0.0 0.0 0.0 0.0 0.0 0.0 0.0 0.0 0.0 0.0 0.0 0.0 0.0 0.0 0.0 0.0 0.0 
0.0 0.0 0.0 0.0 0.0 0.0 0.0 0.0 0.0 0.0 0.0 0.0 0.0 0.0 0.0 0.0 0.0 0.0 0.0 0.0 0.0 0.0 0.0 0.0 0.0 0.0 0.0 0.0 
0.0 0.0 0.0 0.0 0.0 0.0 0.0 0.0 0.0 0.0 0.0 0.0 0.0 0.0 0.0 0.0 0.0 0.0 0.0 0.0 0.0 0.0 0.0 0.0 0.0 0.0 0.0 0.0 
0.0 0.0 0.0 0.0 0.0 0.0 0.0 0.0 0.0 0.0 0.0 0.0 0.0 0.0 0.0 0.0 0.0 0.0 0.0 0.0 0.0 0.0 0.0 0.0 0.0 0.0 0.0 0.0 
