28 28 1

0.0 0.0 0.0 0.0 0.0 0.0 0.0 0.0 0.0 0.0 0.0 0.0 0.0 0.0 0.0 0.0 0.0 0.0 0.0 0.0 0.0 0.0 0.0 0.0 0.0 0.0 0.0 0.0 
0.0 0.0 0.0 0.0 0.0 0.0 0.0 0.0 0.0 0.0 0.0 0.0 0.0 0.0 0.0 0.0 0.0 0.0 0.0 0.0 0.0 0.0 0.0 0.0 0.0 0.0 0.0 0.0 
0.0 0.0 0.0 0.0 0.0 0.0 0.0 0.0 0.0 0.0 0.0 0.0 0.0 0.0 0.0 0.0 0.0 0.0 0.0 0.0 0.0 0.0 0.0 0.0 0.0 0.0 0.0 0.0 
0.0 0.0 0.0 0.0 0.0 0.0 0.0 0.0 0.0 0.0 0.03137255 0.30588236 0.6117647 0.81960785 0.64705884 0.16862746 0.043137256 0.0 0.0 0.0 0.0 0.0 0.0 0.0 0.0 0.0 0.0 0.0 
0.0 0.0 0.0 0.0 0.0 0.0 0.0 0.0 0.0 0.45490196 0.6156863 0.9882353 0.9882353 0.9882353 0.9882353 0.99215686 0.8039216 0.2 0.0 0.0 0.0 0.0 0.0 0.0 0.0 0.0 0.0 0.0 
0.0 0.0 0.0 0.0 0.0 0.0 0.0 0.0 0.0 0.827451 0.99215686 0.9882353 0.9882353 0.9882353 0.9882353 0.99215686 0.9882353 0.88235295 0.02745098 0.0 0.0 0.0 0.0 0.0 0.0 0.0 0.0 0.0 
0.0 0.0 0.0 0.0 0.0 0.0 0.0 0.0 0.0 0.827451 0.99215686 0.9882353 0.9882353 0.9882353 0.9882353 0.8901961 0.9882353 0.9882353 0.76862746 0.10980392 0.0 0.0 0.0 0.0 0.0 0.0 0.0 0.0 
0.0 0.0 0.0 0.0 0.0 0.0 0.0 0.0 0.0 0.827451 0.99215686 0.9882353 0.9882353 0.8862745 0.23137255 0.16470589 0.7137255 0.9882353 0.9882353 0.5058824 0.0 0.0 0.0 0.0 0.0 0.0 0.0 0.0 
0.0 0.0 0.0 0.0 0.0 0.0 0.0 0.0 0.0 0.83137256 0.99607843 0.87058824 0.41568628 0.0 0.0 0.0 0.14117648 0.8784314 0.99215686 0.99215686 0.24313726 0.0 0.0 0.0 0.0 0.0 0.0 0.0 
0.0 0.0 0.0 0.0 0.0 0.0 0.0 0.0 0.0 0.20784314 0.24705882 0.0627451 0.0 0.0 0.0 0.0 0.0 0.1882353 0.9882353 0.9882353 0.5529412 0.0 0.0 0.0 0.0 0.0 0.0 0.0 
0.0 0.0 0.0 0.0 0.0 0.0 0.0 0.0 0.0 0.0 0.0 0.0 0.0 0.0 0.0 0.0 0.0 0.043137256 0.8235294 0.9882353 0.84313726 0.023529412 0.0 0.0 0.0 0.0 0.0 0.0 
0.0 0.0 0.0 0.0 0.0 0.0 0.0 0.0 0.0 0.0 0.0 0.0 0.0 0.0 0.0 0.0 0.0 0.0 0.3882353 0.9882353 0.99215686 0.24705882 0.0 0.0 0.0 0.0 0.0 0.0 
0.0 0.0 0.0 0.0 0.0 0.0 0.0 0.0 0.0 0.0 0.0 0.0 0.0 0.0 0.0 0.0 0.0 0.0 0.043137256 0.85490197 0.99215686 0.24705882 0.0 0.0 0.0 0.0 0.0 0.0 
0.0 0.0 0.0 0.0 0.0 0.0 0.0 0.0 0.0 0.0 0.0 0.0 0.0 0.0 0.0 0.0 0.0 0.0 0.0 0.83137256 1.0 0.24705882 0.0 0.0 0.0 0.0 0.0 0.0 
0.0 0.0 0.0 0.0 0.0 0.0 0.0 0.0 0.0 0.0 0.05882353 0.33333334 0.33333334 0.33333334 0.33333334 0.33333334 0.22352941 0.0 0.0 0.827451 0.99215686 0.41960785 0.0 0.0 0.0 0.0 0.0 0.0 
0.0 0.0 0.0 0.0 0.0 0.0 0.0 0.007843138 0.36078432 0.49803922 0.7529412 0.9882353 0.9882353 0.9882353 0.9882353 0.99215686 0.9647059 0.9098039 0.9098039 0.9764706 0.99215686 0.24705882 0.0 0.0 0.0 0.0 0.0 0.0 
0.0 0.0 0.0 0.0 0.0 0.0 0.0 0.36078432 0.9882353 0.9882353 0.99215686 0.9882353 0.9882353 0.9882353 0.9882353 0.99215686 0.9882353 0.9882353 0.9882353 0.9882353 0.99215686 0.52156866 0.0 0.0 0.0 0.0 0.0 0.0 
0.0 0.0 0.0 0.0 0.0 0.0 0.0 0.84313726 0.9882353 0.9882353 0.99215686 0.9882353 0.9882353 0.9882353 0.9882353 0.99215686 0.9882353 0.9882353 0.9882353 0.9882353 0.99215686 0.79607844 0.03529412 0.0 0.0 0.0 0.0 0.0 
0.0 0.0 0.0 0.0 0.0 0.0 0.33333334 0.99215686 0.99215686 0.99215686 0.7607843 0.41568628 0.20784314 0.0 0.0 0.24313726 0.47058824 0.6117647 0.99215686 0.99215686 1.0 0.99215686 0.7372549 0.0 0.0 0.0 0.0 0.0 
0.0 0.0 0.0 0.0 0.0 0.0 0.33333334 0.9882353 0.9882353 0.9882353 0.5058824 0.22352941 0.2784314 0.0 0.2784314 0.57254905 0.827451 0.9882353 0.9882353 0.9882353 0.627451 0.90588236 0.90588236 0.0 0.0 0.0 0.0 0.0 
0.0 0.0 0.0 0.0 0.0 0.0 0.33333334 0.9882353 0.9882353 0.9882353 0.99215686 0.9647059 0.9764706 0.9098039 0.9764706 0.99215686 0.9882353 0.9882353 0.9882353 0.95686275 0.20784314 0.2 0.28235295 0.0 0.0 0.0 0.0 0.0 
0.0 0.0 0.0 0.0 0.0 0.0 0.2509804 0.96862745 0.9882353 0.9882353 0.99215686 0.9882353 0.9882353 0.9882353 0.9882353 0.99215686 0.9882353 0.9882353 0.9254902 0.25882354 0.0 0.0 0.0 0.0 0.0 0.0 0.0 0.0 
0.0 0.0 0.0 0.0 0.0 0.0 0.0 0.21960784 0.9882353 0.9882353 0.99215686 0.9882353 0.9882353 0.9882353 0.9882353 0.99215686 0.9882353 0.92156863 0.12156863 0.0 0.0 0.0 0.0 0.0 0.0 0.0 0.0 0.0 
0.0 0.0 0.0 0.0 0.0 0.0 0.0 0.0 0.0 0.0 0.0 0.0 0.0 0.0 0.0 0.0 0.0 0.0 0.0 0.0 0.0 0.0 0.0 0.0 0.0 0.0 0.0 0.0 
0.0 0.0 0.0 0.0 0.0 0.0 0.0 0.0 0.0 0.0 0.0 0.0 0.0 0.0 0.0 0.0 0.0 0.0 0.0 0.0 0.0 0.0 0.0 0.0 0.0 0.0 0.0 0.0 
0.0 0.0 0.0 0.0 0.0 0.0 0.0 0.0 0.0 0.0 0.0 0.0 0.0 0.0 0.0 0.0 0.0 0.0 0.0 0.0 0.0 0.0 0.0 0.0 0.0 0.0 0.0 0.0 
0.0 0.0 0.0 0.0 0.0 0.0 0.0 0.0 0.0 0.0 0.0 0.0 0.0 0.0 0.0 0.0 0.0 0.0 0.0 0.0 0.0 0.0 0.0 0.0 0.0 0.0 0.0 0.0 
0.0 0.0 0.0 0.0 0.0 0.0 0.0 0.0 0.0 0.0 0.0 0.0 0.0 0.0 0.0 0.0 0.0 0.0 0.0 0.0 0.0 0.0 0.0 0.0 0.0 0.0 0.0 0.0 
