28 28 1

0.0 0.0 0.0 0.0 0.0 0.0 0.0 0.0 0.0 0.0 0.0 0.0 0.0 0.0 0.0 0.0 0.0 0.0 0.0 0.0 0.0 0.0 0.0 0.0 0.0 0.0 0.0 0.0 
0.0 0.0 0.0 0.0 0.0 0.0 0.0 0.0 0.0 0.0 0.0 0.0 0.0 0.0 0.0 0.0 0.0 0.0 0.0 0.0 0.0 0.0 0.0 0.0 0.0 0.0 0.0 0.0 
0.0 0.0 0.0 0.0 0.0 0.0 0.0 0.0 0.0 0.0 0.0 0.0 0.0 0.0 0.0 0.0 0.0 0.0 0.0 0.0 0.0 0.0 0.0 0.0 0.0 0.0 0.0 0.0 
0.0 0.0 0.0 0.0 0.0 0.0 0.0 0.0 0.0 0.0 0.0 0.0 0.0 0.0 0.0 0.19607843 0.9254902 1.0 0.4862745 0.0 0.0 0.0 0.0 0.0 0.0 0.0 0.0 0.0 
0.0 0.0 0.0 0.0 0.0 0.0 0.0 0.0 0.0 0.0 0.0 0.0 0.0 0.0 0.20784314 0.90588236 0.99215686 0.99215686 0.41960785 0.0 0.0 0.0 0.0 0.0 0.0 0.0 0.0 0.0 
0.0 0.0 0.0 0.0 0.0 0.0 0.0 0.0 0.0 0.0 0.0 0.0 0.0 0.03529412 0.75686276 0.99215686 0.99215686 0.9019608 0.015686275 0.0 0.0 0.0 0.0 0.0 0.0 0.0 0.0 0.0 
0.0 0.0 0.0 0.0 0.0 0.0 0.0 0.0 0.0 0.0 0.0 0.0 0.02745098 0.6117647 0.99215686 0.99215686 0.58431375 0.14117648 0.0 0.0 0.0 0.0 0.0 0.0 0.0 0.0 0.0 0.0 
0.0 0.0 0.0 0.0 0.0 0.0 0.0 0.0 0.0 0.0 0.0 0.0 0.09411765 0.99215686 0.99215686 0.74509805 0.03137255 0.0 0.0 0.0 0.0 0.0 0.0 0.0 0.0 0.0 0.0 0.0 
0.0 0.0 0.0 0.0 0.0 0.0 0.0 0.0 0.0 0.0 0.0 0.011764706 0.6862745 0.99215686 0.99215686 0.28235295 0.0 0.0 0.0 0.0 0.0 0.0 0.0 0.0 0.0 0.0 0.0 0.0 
0.0 0.0 0.0 0.0 0.0 0.0 0.0 0.0 0.0 0.0 0.0 0.48235294 0.99215686 0.99215686 0.5411765 0.011764706 0.0 0.0 0.0 0.0 0.0 0.0 0.0 0.0 0.0 0.0 0.0 0.0 
0.0 0.0 0.0 0.0 0.0 0.0 0.0 0.0 0.0 0.0 0.039215688 0.95686275 0.99215686 0.9019608 0.13333334 0.0 0.03529412 0.09411765 0.09019608 0.0 0.0 0.0 0.0 0.0 0.0 0.0 0.0 0.0 
0.0 0.0 0.0 0.0 0.0 0.0 0.0 0.0 0.0 0.0 0.70980394 0.99215686 0.9764706 0.48235294 0.0 0.27058825 0.7647059 0.99215686 0.9764706 0.57254905 0.05882353 0.0 0.0 0.0 0.0 0.0 0.0 0.0 
0.0 0.0 0.0 0.0 0.0 0.0 0.0 0.0 0.0 0.08235294 0.90588236 0.99215686 0.7921569 0.0 0.27450982 0.9254902 0.99215686 0.99215686 0.99215686 0.99215686 0.6666667 0.0 0.0 0.0 0.0 0.0 0.0 0.0 
0.0 0.0 0.0 0.0 0.0 0.0 0.0 0.0 0.08627451 0.54509807 0.99215686 0.8352941 0.101960786 0.050980393 0.78431374 0.99215686 0.99215686 0.7176471 0.9882353 0.99215686 0.8627451 0.08627451 0.0 0.0 0.0 0.0 0.0 0.0 
0.0 0.0 0.0 0.0 0.0 0.0 0.0 0.0 0.28235295 0.99215686 0.99215686 0.5058824 0.0 0.3372549 0.99215686 0.99215686 0.5058824 0.015686275 0.4117647 0.99215686 0.99215686 0.27450982 0.0 0.0 0.0 0.0 0.0 0.0 
0.0 0.0 0.0 0.0 0.0 0.0 0.0 0.0 0.28235295 0.99215686 0.99215686 0.3019608 0.08627451 0.9607843 0.99215686 0.7176471 0.015686275 0.0 0.007843138 0.4117647 0.99215686 0.27450982 0.0 0.0 0.0 0.0 0.0 0.0 
0.0 0.0 0.0 0.0 0.0 0.0 0.0 0.0 0.5176471 0.99215686 0.99215686 0.043137256 0.09411765 0.99215686 0.99215686 0.45490196 0.0 0.0 0.003921569 0.5882353 0.99215686 0.27450982 0.0 0.0 0.0 0.0 0.0 0.0 
0.0 0.0 0.0 0.0 0.0 0.0 0.0 0.0 0.7411765 0.99215686 0.94509804 0.039215688 0.09411765 0.99215686 0.99215686 0.23137255 0.0 0.0 0.32156864 0.99215686 0.83137256 0.11764706 0.0 0.0 0.0 0.0 0.0 0.0 
0.0 0.0 0.0 0.0 0.0 0.0 0.0 0.0 0.7411765 0.99215686 0.5764706 0.0 0.09411765 0.99215686 0.99215686 0.5882353 0.11764706 0.17254902 0.8156863 0.83137256 0.12156863 0.0 0.0 0.0 0.0 0.0 0.0 0.0 
0.0 0.0 0.0 0.0 0.0 0.0 0.0 0.0 0.7411765 0.99215686 0.68235296 0.011764706 0.02745098 0.7254902 0.99215686 0.99215686 0.8901961 0.96862745 0.72156864 0.11764706 0.0 0.0 0.0 0.0 0.0 0.0 0.0 0.0 
0.0 0.0 0.0 0.0 0.0 0.0 0.0 0.0 0.5882353 0.99215686 0.99215686 0.5686275 0.37254903 0.91764706 0.99215686 0.99215686 0.99215686 0.49411765 0.003921569 0.0 0.0 0.0 0.0 0.0 0.0 0.0 0.0 0.0 
0.0 0.0 0.0 0.0 0.0 0.0 0.0 0.0 0.28235295 0.99215686 0.99215686 0.99215686 0.99215686 0.99215686 0.99215686 0.99215686 0.6627451 0.05490196 0.0 0.0 0.0 0.0 0.0 0.0 0.0 0.0 0.0 0.0 
0.0 0.0 0.0 0.0 0.0 0.0 0.0 0.0 0.019607844 0.44705883 0.9411765 0.99215686 0.99215686 0.91764706 0.5294118 0.17254902 0.011764706 0.0 0.0 0.0 0.0 0.0 0.0 0.0 0.0 0.0 0.0 0.0 
0.0 0.0 0.0 0.0 0.0 0.0 0.0 0.0 0.0 0.0 0.0 0.0 0.0 0.0 0.0 0.0 0.0 0.0 0.0 0.0 0.0 0.0 0.0 0.0 0.0 0.0 0.0 0.0 
0.0 0.0 0.0 0.0 0.0 0.0 0.0 0.0 0.0 0.0 0.0 0.0 0.0 0.0 0.0 0.0 0.0 0.0 0.0 0.0 0.0 0.0 0.0 0.0 0.0 0.0 0.0 0.0 
0.0 0.0 0.0 0.0 0.0 0.0 0.0 0.0 0.0 0.0 0.0 0.0 0.0 0.0 0.0 0.0 0.0 0.0 0.0 0.0 0.0 0.0 0.0 0.0 0.0 0.0 0.0 0.0 
0.0 0.0 0.0 0.0 0.0 0.0 0.0 0.0 0.0 0.0 0.0 0.0 0.0 0.0 0.0 0.0 0.0 0.0 0.0 0.0 0.0 0.0 0.0 0.0 0.0 0.0 0.0 0.0 
0.0 0.0 0.0 0.0 0.0 0.0 0.0 0.0 0.0 0.0 0.0 0.0 0.0 0.0 0.0 0.0 0.0 0.0 0.0 0.0 0.0 0.0 0.0 0.0 0.0 0.0 0.0 0.0 
