5 32
-0.034724277
-0.022174306
0.071070865
0.055596575
-0.09515365
0.11487124
0.01883954
-0.00015375952
-0.17797862
-0.06846948
0.03332453
0.023727763
0.04811129
-0.038387123
-0.0027586855
-0.1786667
0.012976155
0.08455612
-0.0024475516
-0.039492905
-0.0033804537
0.040710278
0.032149304
-0.017755222
-0.04323353
-0.04481943
0.021949543
-0.079450175
-0.12080764
-0.026951252
0.043861877
0.035949644
-0.010709136
0.016256584
0.123193145
-0.04935451
-0.12857445
0.09437046
0.14970718
-0.10619345
-0.25555205
-0.095300876
-0.055716354
0.020480001
-0.014487644
-0.050880954
0.17697799
-0.17591502
-0.01774875
0.004048079
-0.104205914
0.08234656
-0.07174638
0.008053812
-0.06756217
0.113835335
-0.07157052
0.040067576
0.04112498
0.065399274
0.046167415
-0.03467286
0.07534111
-0.0036874176
0.027623616
0.09532928
-0.019995918
-0.0056273644
-0.12426149
0.11540479
0.09636419
-0.015557754
-0.09456369
-0.026840871
0.045390774
-0.017065853
0.06991765
0.044332907
0.11923867
-0.035854515
0.025614236
0.018167505
-0.049134508
-0.050909497
-0.1238959
-0.045851078
0.021489833
0.1410689
-0.022008207
0.06480541
0.047986902
0.093293965
0.052508753
-0.11692245
-0.04538112
-0.0035346914
0.03377648
0.048970733
-0.082399294
0.039544325
-0.07672201
0.072953954
0.05110387
-0.04321239
-0.020740328
0.0044927425
-0.03215867
0.025828281
-0.03651282
-0.03247838
0.16546325
0.022320637
-0.0180875
-0.124813445
-0.0899066
-0.06999308
-0.07766484
0.015170791
-0.0047477456
0.13761263
0.054704487
-0.0952746
0.08554658
0.025092
0.071195185
-0.0805083
-0.13116291
-0.0033376636
-0.083218664
0.030671543
-0.15358698
-0.07139443
0.040924378
0.033350747
-0.12658617
-0.0025587906
0.017562754
-0.06601461
-0.0068773925
0.024317337
0.08148969
0.072717
0.1448521
0.053678792
0.015729547
-0.10956368
-0.073706195
-0.10729766
0.005055834
-0.14172919
-0.012803406
0.017745309
0.012062814
-0.021441916
0.1429809
-0.118875206
-0.05466234
-0.09953233
-0.057686944
0.034999836
0.023051487
-0.11562685
0.038003862
0.08595998
0.061539084
0.09557941
0.0921136
-0.06704451
-0.111251265
0.02247416
0.01530641
-0.09012766
-0.09874764
-0.06289613
-0.013504517
-0.073883966
-0.03394371
0.08659381
-0.04082171
-0.027146056
-0.117616996
-0.023519322
-0.06665365
0.05962325
-0.012412369
0.026495157
0.020193845
0.011713334
-0.07280208
0.06285775
0.13116755
0.117933854
0.02677265
-0.061292287
0.14563397
0.09359864
-0.029670294
0.025828952
0.09183712
0.019598003
-0.082578436
0.07020853
-0.025931632
-0.017089093
-0.02275157
-0.13168335
0.11916546
-0.134664
-0.0035552057
0.06450295
0.028312152
0.09618507
-0.10729218
0.088199295
-0.081101574
-0.0059614945
0.036197655
0.05899813
-0.045572627
0.08732795
0.07201545
-0.05407704
0.05599078
0.16407616
0.02392972
0.066947564
-0.0015060338
0.037477557
-0.1282624
0.035960432
-0.024374776
-0.048258223
-0.020737195
0.09173465
-0.041694134
0.12225748
0.11215559
-0.021192273
0.11443349
0.06852732
0.034072116
-0.020366285
-0.027925005
0.051743835
0.03616284
-0.044726595
-0.07851802
0.15808995
0.089468755
0.029234815
0.007505969
-0.008210842
0.028134715
-0.022427056
-0.03104677
0.1919795
0.057152886
0.063019216
-0.09367165
0.06910102
0.077513516
0.13371922
-0.036040314
-0.04066787
0.005392721
0.0012033773
-0.1735464
0.09183184
0.056930993
0.04909618
0.0955064
0.097797036
-0.058491893
-0.05886632
-0.034632806
0.0018281136
0.07872499
-0.07718697
-0.04411184
0.13406721
0.103307635
0.03370817
0.014134776
-0.04835463
0.115828715
0.024329318
0.012096018
0.18888563
-0.09385182
0.007552182
-0.121253766
-0.095393084
0.0020830766
0.12576053
-0.15292928
0.09424615
0.14511734
0.10689774
-0.16708893
0.1200574
0.11950994
0.10815958
0.06180991
0.048932377
-0.030015359
-0.08267472
0.061455887
-0.06265767
0.018915497
-0.047027446
-0.04824257
0.062319994
0.109691106
0.022887921
0.12186206
-0.10260779
-0.022023635
-0.016444186
-0.13842882
0.016164135
-0.020939503
-0.018850531
0.051586553
0.04971122
-0.05217593
0.019019084
0.039174154
0.06709078
-0.13934098
0.13453269
0.13114874
0.045054
-0.008630196
-0.10125067
0.07023689
0.06491355
-0.008835616
0.06401272
-0.058195535
0.13444127
-0.06434011
-0.0046714875
-0.08540887
-0.11708053
0.14904325
-0.04026379
-0.1197335
-0.016352406
0.050098605
0.07146705
0.11122865
-0.04572308
-0.03778347
-0.1180089
-0.012294799
0.074995175
0.01717976
0.01254905
0.07658364
0.09060411
-0.0040310672
0.065837756
0.10648464
0.04803725
0.022046112
-0.12630929
0.021934906
0.044515576
-0.047885623
0.032335814
0.051481266
0.17449194
0.05762148
0.07758904
0.0322382
-0.14072035
0.036310565
0.04230264
-0.19049895
-0.029605178
-0.00978629
0.07277552
0.04202815
-0.007455196
0.07506943
-0.047364183
0.09659268
0.077802315
0.06253737
-0.012513441
0.030771092
0.082945265
0.062135857
0.10595307
0.028283019
0.13201778
0.10628174
0.016121646
-0.022572761
0.10092654
0.10632359
0.031758863
0.0038311481
0.101207554
0.058480553
0.10983897
0.021685833
-0.034258496
-0.02930151
0.027019396
-0.066906564
0.06468045
0.062218152
0.121012196
-0.04615248
0.03807512
-0.054164886
0.015585013
0.039091337
0.06279226
0.025441008
0.027034288
-0.16401333
0.08667486
0.07970953
0.108596735
0.035883103
0.12152465
-0.0043707853
0.008445864
-0.077600665
0.16520934
0.054041825
0.1088996
0.045631528
0.12290728
0.15951139
0.09757519
-0.08587338
0.16874246
-0.05012583
0.117417075
0.06146359
0.05570321
0.02775948
0.11596815
0.05691036
0.174909
-0.0686892
0.034342255
0.03676766
-0.009337251
0.09841726
0.04086679
-0.103479885
0.11808875
0.09034387
0.054100093
-0.058406033
0.02633517
0.03680576
0.085650906
-0.115009025
0.068083785
-0.067406364
0.037654746
0.09241423
0.10374957
0.021549389
-0.0635947
-0.028449237
0.0489879
-0.03842315
-0.07643871
0.045174357
-0.0014850886
-0.06567909
0.110480994
-0.05342212
0.046670143
-0.02529755
-0.13274245
0.0340154
0.039575767
0.07686515
-0.18457521
0.08041637
0.020685196
-0.007064445
0.020281605
0.030581
0.040838894
0.045696862
-0.02550201
0.01845859
0.1705615
-0.024710704
-0.07517185
0.12844113
0.07973994
0.08841473
-0.041709024
0.059234075
-0.0777969
-0.022684116
-0.10375022
-0.05248946
-0.006495827
-0.0589859
-0.014133541
0.11766245
-0.16155206
0.10908124
0.00782131
0.1060676
-0.080917895
0.024760151
-0.18611033
0.034396365
0.087487236
0.0047482694
-0.055252817
0.0625553
-0.06299997
-0.0026663484
-0.005813311
0.009279261
0.12899527
0.09537438
0.019238697
0.11721435
0.12478003
0.09875842
0.041451965
0.020350037
-0.17119168
-0.05281729
-0.01388918
-0.12913993
0.09525329
-0.028929496
-0.022389183
0.070404164
-0.15415542
0.06934776
0.10110466
0.039415922
-0.042772587
0.017016761
-0.16039327
-0.05515221
0.0720027
0.16921277
0.015993306
0.09055041
0.025502466
-0.01554692
-0.034605023
-0.0072422842
-0.016302075
0.20499939
0.030397182
0.049668916
0.074819125
0.03959475
0.1206901
0.013794714
-0.04717817
-0.15811701
0.06357199
-0.056448303
-0.010304481
0.03481208
0.019767622
0.08638939
0.03457507
0.048650034
0.11026503
-0.022719847
0.071392536
0.058244098
-0.10508377
-0.09943174
0.041434217
0.15408954
-0.055106312
-0.011328237
0.046849556
-0.050526943
0.009562762
-0.13890462
0.067110136
0.017813653
0.053848222
0.08619173
0.00999501
0.074853614
-0.028406529
0.03975775
0.11778466
-0.019942645
0.01519606
0.011504265
0.104437724
-0.019668574
0.11375472
0.038435616
0.108830705
0.054652195
0.099078946
0.10084341
0.06905635
0.05872682
0.0007944089
-0.1058153
0.009118975
0.0040508676
0.04349262
0.10908024
0.014143488
0.0060392474
0.09300853
-0.15922953
-0.020880517
0.068942256
0.09077092
0.036537845
-0.003050887
-0.04732532
0.10027755
-0.015149123
0.03551861
-0.103377186
-0.027961774
0.15139987
-0.053096686
-0.079626694
0.05832942
0.034036152
0.010049775
0.043019533
-0.064888015
-0.038991474
-0.069620505
0.0517128
-0.14700922
0.06922336
0.08323429
0.037452385
-0.08794488
0.06474245
-0.09035074
-0.044120718
-0.0706716
0.12716249
0.0019117087
0.16963159
0.0009924092
0.034685798
-0.031193566
0.090967506
-0.15698335
0.015622098
-0.13875417
-0.103941694
-0.062561594
-0.14384311
0.038607456
0.026211182
-0.09440315
-0.049204443
-0.18970758
0.108440235
-0.016259082
0.028600536
-0.025482392
0.0028003193
-0.0936074
0.085318595
0.015669152
0.06811164
-0.05490854
0.028170336
0.04418291
-0.03633103
-0.05654608
-0.028891524
-0.00491804
0.17435205
0.009077035
0.011083253
-0.08804178
-0.038234793
-0.034920894
-0.079786055
-0.0978564
-0.026803005
-0.1361867
-0.07300686
-0.04187016
0.034933347
0.0294737
-0.05768173
-0.20317307
0.13477321
0.004993098
-0.03295676
-0.081235975
0.09319767
-0.024233732
-0.07339903
0.047012556
0.1607987
-0.13191524
0.02005619
0.027817903
0.0018414706
-0.050265882
-0.12279514
0.069880664
0.1809251
0.0302955
-0.046217024
-0.115093194
-0.018617567
-0.01935674
-0.056756385
0.109240904
-0.024847196
0.040797967
-0.028486213
0.086124584
0.07660444
-0.07545667
0.016802935
-0.18085419
0.018167168
0.1296312
-0.019816197
0.06757359
0.07999018
0.009196426
-0.12677895
-0.10767168
0.06483122
-0.1442844
0.048272222
0.010740699
0.026610063
0.032965355
-0.1326706
-0.09310933
0.12301568
0.020670356
-0.1001692
-0.093971804
0.049812157
0.05622847
-0.0098127015
0.06862739
-0.018035617
0.043887895
0.13311279
-0.04436651
0.04304104
0.007287079
0.026935147
0.044671755
0.0053259144
0.114570715
-0.044834286
0.08499898
0.060169097
0.014385431
-0.017146062
-0.06759692
0.03606612
-0.10892397
0.07594974
0.025718285
-0.044279475
0.08862763
-0.15075366
0.025719505
-0.03493751
-0.04562261
-0.003108772
0.04310181
-0.07707375
0.0068405317
0.014844119
-0.044110708
-0.08352716
0.0075209076
0.12618859
0.06990211
-0.06275824
0.068328016
0.097459994
0.070062265
