10
-0.23736037
0.0015885023
0.0019988536
-0.14965641
0.06257632
-0.22706054
0.15360138
-0.1955707
-0.23395993
-0.041200597
0.107243784
-0.061043754
-0.028790068
-0.23373055
-0.04571206
0.18289928
0.21881863
0.1528448
-0.046995398
-0.0072242403
0.21409205
0.11971261
-0.0779105
-0.18079652
-0.2320143
0.04176784
-0.18060197
-0.23091243
-0.2448094
-0.215981
-0.040629346
0.034077603
0.113921955
0.17579658
-0.1883376
0.06411494
0.04532411
0.0012714553
-0.02006162
0.162723
0.19871628
-0.088824645
-0.14232388
0.19148916
0.048385605
-0.025294717
0.055391263
-0.12510902
0.095020205
0.091809645
0.10801601
-0.10435226
-0.13272369
0.03080645
0.19941829
0.21444911
-0.16895288
0.052325495
-0.18251655
0.1744563
0.23712558
0.0014998282
-0.15932727
-0.04830555
0.05875085
0.028954983
0.16121085
-0.1787459
-0.22549146
0.13355178
-0.18839888
-0.13896643
-0.04240475
-0.11301684
-0.09284977
0.12522623
0.081934616
-0.19559412
-0.14792193
0.04962397
-0.10012344
0.072450824
0.18657254
-0.13400587
-0.14058457
-0.18695113
-0.016502917
0.006028643
-0.036619842
0.08500592
0.14148933
-0.21680713
0.009124359
0.032823548
-0.06541255
-0.14254418
-0.26772842
0.10080584
-0.03250166
-0.0014604706
-0.19043633
-0.015374324
0.17230587
-0.04440342
-0.1324304
0.19396116
-0.006118681
0.1999366
-0.056413535
0.101098426
0.15639871
0.18212174
-0.022310229
0.048781943
-0.10649469
-0.16574731
-0.052949045
0.040507562
0.22866896
-0.2346519
0.19090314
-0.030942565
0.14682817
-0.023763373
-0.16764128
0.06906736
0.17198324
0.11229599
-0.0032236695
-0.18100949
0.049749453
0.13418894
-0.20551653
-0.22012062
0.104576945
-0.22919346
-0.029377159
0.06389551
0.10865726
0.0631386
0.052581906
-0.16083656
-0.05375557
-0.00067548896
-0.16765036
0.13836275
-0.2384321
-0.13940184
0.1745248
0.030733554
-0.1929342
-0.075438075
-0.08726356
0.13730231
0.18123448
-0.013607816
-0.10387397
0.22448422
-0.14053851
-0.23272741
-0.20785622
-0.010582335
0.18513894
0.0707635
-0.134804
0.17109555
0.15010363
0.046454046
0.115386404
0.16725755
0.20714696
0.2621225
0.11439306
0.2339309
0.15480672
0.17832458
0.031175932
0.032506272
0.19909601
-0.05687058
-0.23295033
-0.18631963
-0.19468991
-0.14648426
0.003233967
-0.1647552
0.12419657
-0.23405226
-0.114459895
-0.0011057557
0.16873032
0.21081978
0.1427426
-0.1993641
-0.10201752
0.0012107
0.1339174
0.009636679
-0.03948176
-0.24152043
0.21931444
-0.10140148
-0.11903483
-0.069847085
0.028386822
0.100473545
-0.099906534
-0.060464844
-0.04558325
-0.15918839
-0.050598707
0.18962361
-0.042989362
-0.13705266
0.16905557
-0.18794067
-0.20637831
-0.04319056
0.029349098
-0.19397062
0.002443137
-0.06585494
-0.00029823475
-0.063334145
0.1524283
0.16239862
-0.15651798
-0.18442999
0.13639487
0.20064834
-0.002606809
0.0028830252
-0.076539196
0.21678819
0.059612762
0.13251345
-0.06027188
0.11944702
0.08322655
-0.13104147
0.16696277
-0.18100955
-0.16613638
-0.16389245
-0.20288348
-0.18696384
-0.19783425
-0.21489535
0.20859854
-0.019518685
0.08389901
-0.08110123
-0.19999868
-0.0065502664
-0.17250057
0.025871933
0.14770557
0.012824073
0.09057811
0.1563125
-0.15484999
-0.054031897
-0.22477789
0.19037195
0.11497439
0.085482836
0.027897663
0.061065707
0.15866722
0.031140674
0.16057256
-0.14874996
0.0943796
-0.049980167
0.024539413
0.061538223
-0.08109733
0.090101995
0.094681725
0.10324353
0.07933092
0.16561717
-0.050303362
0.12821968
-0.1291184
0.03884429
-0.03689498
-0.045288745
-0.08327026
0.058636542
0.0037776472
-0.032989904
0.08433811
0.048325922
-0.22037175
0.10252338
-0.048282534
-0.20124443
-0.14670166
-0.068661965
-0.1802774
0.1642205
0.15446903
-0.07697088
-0.06722246
-0.01598203
0.15085164
0.10127209
-0.16387628
-0.19691074
-0.16369553
0.15028472
-0.084441476
0.04788623
0.008498748
-0.1141947
-0.01888961
-0.0030718204
0.1832514
-0.20079201
-0.0020731073
0.024019646
0.027246956
0.18737355
-0.077987894
0.09880795
-0.21328424
0.18547103
-0.20495725
-0.22884245
-0.17828575
-0.104314595
0.17251024
-0.1045488
-0.061038174
-0.010762672
0.09110689
-0.068210684
0.08300032
0.22124606
0.013044002
-0.13553873
0.14733468
0.19501293
0.15506211
-0.2217332
0.09750244
0.19310838
0.00826228
-0.118385784
0.04229086
0.2011283
0.02176268
0.11299486
-0.18362652
0.19987783
-0.061061036
0.18813738
-0.0042748097
0.21893346
0.07740705
-0.01172344
-0.05196217
-0.048010137
-0.15857233
-0.088130236
0.22016644
-0.11479015
0.14889395
0.124217816
0.12828448
-0.10663257
0.09691101
-0.1433538
-0.20034546
-0.12244928
-0.05064167
0.11128888
-0.11089178
0.25906554
0.05137886
0.1837726
0.18914483
0.11079194
-0.11450492
-0.18700665
-0.0037518071
-0.1352798
-0.101237714
-0.05190809
0.19264735
-0.1333718
-0.20649584
-0.17325541
0.04788412
-0.1979484
0.12469567
0.11432372
0.15780658
-0.1951308
-0.17629354
0.14070383
0.16581945
-0.13666184
-0.1670887
0.011774245
0.029001841
0.1856452
-0.15485545
-0.07624685
0.0663913
0.18779406
0.19323838
-0.07309503
0.20068564
0.03458093
-0.18698727
0.1487983
-0.04460895
0.04603143
0.07127976
0.012326622
-0.14937283
0.09219894
0.06437481
0.11246703
-0.06912616
-0.09732371
-0.24698755
-0.16548344
0.017271467
-0.14191464
-0.07212505
-0.10810202
0.15219164
-0.20227133
-0.10459696
-0.1554898
-0.027976407
-0.20394267
-0.124620795
-0.17987515
-0.21820775
-0.0319361
0.1095721
0.019748094
0.15084893
-0.0053524184
0.13222991
-0.17737363
-0.14033416
-0.09416712
-0.090508796
0.016682949
0.07684668
0.20724598
0.101489104
-0.12318689
-0.18721057
0.015449145
-0.03138205
0.10932586
-0.1605647
0.010954259
0.20618078
0.15397252
0.18077344
-0.123694785
0.103765935
-0.12704074
0.1463436
0.005396397
0.15665023
0.18564373
0.18298168
-0.14020269
-0.0027856564
-0.19379468
0.14062436
-0.13206904
-0.018965757
0.033859756
0.13394764
0.16275331
0.04893851
0.0009015363
0.033333447
-0.19104733
0.053741377
0.19381419
-0.20090245
0.06847654
0.19151662
0.06384954
-0.017679628
-0.09901277
0.10515182
-0.14075044
-0.16297632
0.06487636
-0.15630731
0.003575218
-0.19835253
0.025405819
-0.14947799
0.03768744
0.029651385
0.13969547
0.06688486
-0.0287049
0.020182297
-0.14359473
-0.17429712
-0.01933339
-0.15076308
-0.0033141596
0.15747158
-0.23164088
-0.08760574
-0.2244952
0.10900991
-0.08169955
0.0071767033
-0.23450889
-0.05042564
0.115238994
-0.24283208
0.04185724
0.023328828
0.24052186
-0.25123042
0.10129003
0.20471905
-0.12005618
-0.086336724
-0.015572322
-0.002717042
-0.019382402
-0.04149582
0.0421824
-0.1308794
0.18502718
-0.06588214
-0.15903859
-0.036121868
0.12293616
0.14240028
0.15322217
0.1651862
0.016024008
-0.12158177
-0.08511662
0.058510646
-0.19595094
0.15975198
-0.13772902
-0.00984163
0.22797716
-0.026160011
0.17361106
0.13485421
-0.1838206
-0.14720635
0.06552734
-0.09727438
0.030788604
-0.121623114
0.17186156
-0.18374589
0.23141159
0.047817707
-0.13487421
0.072732314
-0.14612693
0.18888277
-0.1507935
-0.11274745
-0.20648573
0.2267258
0.15353265
0.079640575
0.074702285
0.05725691
-0.015794747
-0.10919131
0.16255915
-0.10203623
0.19101721
-0.12439988
0.122531235
-0.1168305
-0.2103331
0.14311144
-0.04745764
-0.006434371
0.14920397
0.2000672
0.13915038
-0.066702835
-0.19203922
0.15286131
0.14321837
-0.094328895
0.14164488
0.14697446
0.098016545
0.118813984
0.04062298
0.021633586
-0.0023615377
-0.21185893
0.05478783
0.117837474
-0.17255037
-0.05349406
-0.0065955464
0.007602895
-0.12225996
0.06737614
0.021169718
-0.11853196
0.05452985
-0.07304598
-0.01619166
-0.042936124
0.20685036
-0.19582058
-0.07136649
-0.18235478
0.19874772
0.072916895
-0.02108905
-0.19215031
-0.15115497
0.15554574
0.011781978
-0.22601223
-0.075792074
0.21810447
0.05917358
0.08424575
0.043545485
0.03931002
0.21034545
0.0003210822
0.14159906
0.00029481386
0.08649942
0.18553588
0.09341526
-0.046010435
0.1751379
0.152834
0.12515067
-0.21681519
-0.01835044
-0.02739446
0.0120422095
-0.20708178
0.16855119
-0.047147542
0.07774738
0.19408017
-0.20682722
0.1641617
-0.20786986
0.14508396
-0.14595594
0.08216598
0.10631708
-0.0052003004
0.23332112
0.20042506
-0.25367182
-0.19075984
-0.09385435
0.12532064
-0.088231616
-0.057617936
0.15202616
-0.11144027
-0.1546433
0.17089376
0.18459955
-0.008915965
-0.10745546
-0.00049012306
-0.018560309
-0.20740482
-0.054883257
-0.16799545
-0.20613387
0.10606784
-0.10213285
0.07283647
0.14150825
-0.21152842
0.21521184
-0.16628467
0.11581675
0.06728527
-0.19197388
-0.18583451
-0.046634573
-0.15176715
0.120880045
-0.09037757
0.08282661
0.1539084
-0.21718882
0.094072826
0.1411218
-0.091716096
-0.05075471
-0.21790348
0.09345169
0.03986858
0.1261295
0.12372386
-0.09026504
0.21954378
0.2089569
0.14394331
-0.03367352
-0.160856
-0.15912063
0.02957659
0.13254984
-0.165919
-0.13406338
0.20453832
0.07218709
0.050203737
-0.20503952
-0.12473479
-0.17523898
-0.074829735
-0.002594117
-0.14749698
-0.1348357
-0.2117966
-0.02263757
0.06694519
-0.015442447
-0.1563148
0.09604088
-0.191702
0.039262664
-0.1308595
-0.0016315448
-0.13366973
-0.100882724
0.1907473
-0.05265184
-0.01705854
-0.1646215
-0.027298005
0.010514978
-0.12683097
-0.1033406
0.07984356
0.19110318
0.11979182
0.05405939
0.16430989
0.08963438
-0.04302112
0.21658137
-0.1663011
0.0012819234
-0.094923265
-0.110963754
0.19051094
0.013009712
-0.053699747
-0.12042523
-0.1271846
-0.12994792
0.07852816
-0.032145888
0.044848975
0.058004636
-0.16365933
-0.19771941
-0.10991676
-1.739636e-05
0.1564093
-0.22910519
0.05037401
0.035917442
-0.11886507
-0.13743638
-0.2098137
-0.01347014
0.14536446
-0.20447014
0.07140183
-0.023499338
-0.12789088
0.0442693
-0.069819815
0.06413733
-0.10516524
0.023189778
0.090421304
-0.04322134
0.1495885
0.16292511
-0.20252362
-0.029623756
-0.056843616
-0.10993233
-0.19411173
0.15306333
0.088608935
0.01807826
-0.1663401
0.041625947
0.10721264
-0.0395943
0.11844072
-0.21332587
0.061553318
-0.1385806
-0.04998296
-0.06836184
-0.03735468
0.17712885
0.090709776
0.07191512
-0.16264834
0.11091314
-0.03508911
0.08843701
-0.018666137
0.14568216
-0.06453709
-0.20539832
0.04158051
0.23830234
-0.12580687
0.0620407
-0.20884582
-0.14231825
-0.018347815
0.17996217
-0.19559303
-0.06465812
-0.056522805
0.16556896
0.13868399
0.057777632
0.19979617
0.1080001
0.090646446
0.028046995
0.023990687
0.046754282
0.21196963
0.024533497
0.18580045
-0.06514503
0.116357416
-0.17120178
0.17437592
0.12433884
0.21939872
-0.29843748
0.024858737
0.059797086
-0.107060805
0.15975364
-0.22610962
0.18172985
0.06997154
-0.16592802
0.21327832
0.04510002
-0.100338615
0.18604723
0.07070282
0.099618755
0.16322108
0.10159897
0.10180725
0.08767147
-0.12859142
0.005634846
-0.12667497
0.17703918
-0.13631484
0.19050929
0.096234955
0.2382025
-0.1543192
-0.060357817
0.13303278
-0.08790794
-0.10163092
0.19755244
-0.011750652
0.10634606
-0.0045552393
-0.09511099
0.22942494
-0.14288817
0.06493139
0.14089392
0.15098767
0.049815625
-0.10064067
0.106457785
-0.18003863
-0.21577777
0.10728586
0.020622822
0.08863704
0.2248305
0.20070657
-0.034457665
-0.17488591
-0.08081676
0.0063773314
0.19647592
-0.18558425
0.110327825
0.085474454
-0.10019172
0.18361117
0.02396381
-0.07136557
0.11089733
0.24449271
0.054973394
-0.14109544
0.18834041
-0.10570837
-0.14114554
0.14125843
0.25468162
0.21434854
0.07437279
-0.2229378
-0.06690358
-0.22794472
-0.07945688
0.107047305
0.21534842
0.11259204
-0.22915298
0.15123625
-0.21183762
0.24894832
-0.059107184
0.14714111
-0.11163296
0.1093877
-0.19339819
0.07921838
-0.109612845
-0.077566266
0.119902536
0.19199723
-0.19462304
0.12221222
-0.1333354
-0.13191919
-0.21461204
-0.2346737
0.020216068
0.10121901
-0.04895779
0.16220048
-0.13003434
0.13765411
0.024373027
-0.01611094
0.050536644
-0.21344918
0.14698014
0.12182433
-0.037565287
-0.15793648
-0.07382936
0.15318483
-0.1038376
-0.15708426
-0.2557138
-0.21141928
0.20734462
-0.13381594
0.061810125
-0.15066792
-0.06734448
0.17567673
0.15387876
0.24233665
-0.18777081
0.12585919
-0.12974072
0.072732285
-0.14393827
0.14717598
-0.15225609
0.03223701
-0.20598614
-0.018427
-0.100492544
0.1668736
-0.2105474
0.002802258
0.1705031
0.1618076
-0.18158615
-0.03248957
-0.16441447
0.1990792
0.029313235
0.037428528
0.02595275
0.16773112
0.093956545
0.014943014
-0.06778238
0.25005594
0.007184343
-0.15900727
-0.0061376845
-0.16128513
-0.057968497
-0.15341815
0.0036800308
-0.07158519
-0.18390982
-0.18462949
0.117740475
-0.018815165
0.012419448
-0.117964074
0.0065189986
0.089288026
-0.034123052
0.16831799
0.15606777
0.11094152
0.075789355
-0.013667264
-0.003140165
-0.036089886
0.033965554
0.03779658
0.18451038
0.02519839
-0.059551746
0.06965855
-0.22973749
-0.1890148
-0.116917014
-0.04430847
0.1012125
-0.11229802
-0.21243925
-0.04386532
0.15587606
0.018907346
0.0014677211
0.022833176
0.12719546
-0.17696202
0.151215
0.17599796
-0.054586105
0.16720316
-0.049178187
-0.27170587
0.18727808
-0.1403401
0.0664009
-0.21692877
0.17333522
0.08879622
-0.023910198
0.1806718
-0.08813176
-0.1512904
-0.07205682
0.20243
0.15856004
-0.007443198
0.05074208
-0.20548959
-0.027498305
0.07431811
-0.20748068
-0.16896187
-0.019453933
-0.14373754
0.16057275
-0.14638403
-0.102561906
0.07044536
-0.117998496
-0.06961913
0.1337919
0.0836903
-0.19584635
-0.16627759
-0.12715082
-0.23306055
0.042451102
-0.15712066
-0.14686882
-0.06627059
-0.047363147
-0.228713
-0.1961878
-0.02225774
-0.044240702
-0.013982343
-0.15051347
0.20017041
0.11242796
0.071491204
-0.009697456
-0.1218794
0.03385943
0.08877958
-0.23928663
-0.09265247
0.11639464
-0.03558206
0.057206653
-0.13376763
-0.10527494
-0.14581998
0.21038802
0.16247904
-0.10707677
0.16197713
0.0076641794
-0.2451546
0.08431148
0.16635256
-0.1940084
-0.12784909
-0.011715398
-0.1876184
0.13923863
-0.043456234
-0.21951605
0.1080818
0.0016791834
-0.08493662
0.110181585
0.17499582
0.01363614
0.2046786
0.11861578
-0.09160396
-0.14663091
-0.00034388667
0.071447775
-0.16758274
-0.084312655
-0.093098514
0.12321265
-0.13720784
0.14294326
-0.09596439
0.14616361
0.12717234
-0.19812652
-0.10213165
0.084562734
-0.06605404
-0.093734376
0.14645286
-0.1626319
0.09525329
-0.010019234
-0.032974586
0.07455724
0.17628036
-0.010999848
-0.12143251
-0.18007232
-0.045956925
0.06767437
0.20446585
0.09730884
-0.09885772
0.11125138
0.053205233
-0.15251313
-0.08102158
0.041363515
0.16141993
0.12272721
0.17947365
0.048668105
0.11558514
-0.111540854
-0.17874035
0.004527212
-0.032844882
0.06208815
-0.12636602
0.16353518
0.20995978
-0.12767008
0.04043741
-0.12963766
0.13602091
0.10459766
0.1928246
-0.12113082
0.18799813
0.20782314
-0.05413875
0.070009716
0.12840044
-0.20173867
0.07127222
-0.025930142
-0.08407398
0.056555476
0.18650955
0.08260812
0.06170405
-0.08744821
0.11467449
0.09777332
0.14108679
-0.07692971
0.10975916
-0.18405141
-0.16362147
-0.18261664
-0.17944829
0.019699894
-0.12436143
-0.18562393
-0.15139465
-0.022940846
0.078492805
-0.19847293
-0.2548851
-0.2477411
0.09009514
-0.20652783
0.08571934
0.16322516
0.09091568
-0.05644987
0.06644683
0.16502024
0.07459098
-0.11311203
0.069800675
0.01345582
-0.14107433
-0.16500664
0.19394846
0.09547736
-0.01904352
0.05238624
0.16092725
-0.14208207
-0.1498215
-0.02063948
0.035517342
0.2266879
-0.023736926
-0.09401199
0.18854472
0.053207852
0.017813979
-0.013249276
-0.06512393
-0.14078139
0.030214757
-0.20626886
-0.048664965
-0.17331551
-0.04701865
-0.16490321
-0.07150057
-0.11488538
0.092862286
-0.007900633
