32 32 3
0.8470588235294118
0.7647058823529411
0.7058823529411765
0.788235294117647
0.6980392156862745
0.6274509803921569
0.8235294117647058
0.7215686274509804
0.6431372549019608
0.8313725490196079
0.7372549019607844
0.6705882352941176
0.8509803921568627
0.7647058823529411
0.6980392156862745
0.792156862745098
0.6980392156862745
0.6196078431372549
0.6941176470588235
0.5882352941176471
0.5019607843137255
0.7372549019607844
0.6352941176470588
0.5529411764705883
0.7764705882352941
0.6901960784313725
0.615686274509804
0.7686274509803922
0.6784313725490196
0.615686274509804
0.7764705882352941
0.6862745098039216
0.6352941176470588
0.8117647058823529
0.7215686274509804
0.6784313725490196
0.7725490196078432
0.6941176470588235
0.6352941176470588
0.7725490196078432
0.6980392156862745
0.6392156862745098
0.8352941176470589
0.7607843137254902
0.7019607843137254
0.788235294117647
0.7137254901960784
0.6509803921568628
0.7333333333333333
0.6627450980392157
0.5882352941176471
0.7568627450980392
0.6901960784313725
0.611764705882353
0.8196078431372549
0.7490196078431373
0.6862745098039216
0.7294117647058823
0.6588235294117647
0.6078431372549019
0.5490196078431373
0.47058823529411764
0.39215686274509803
0.5137254901960784
0.4392156862745098
0.3568627450980392
0.3137254901960784
0.25098039215686274
0.1803921568627451
0.24313725490196078
0.16862745098039217
0.08235294117647059
0.3764705882352941
0.28627450980392155
0.2
0.5215686274509804
0.43137254901960786
0.36470588235294116
0.5450980392156862
0.4666666666666667
0.396078431372549
0.5843137254901961
0.5176470588235295
0.4392156862745098
0.5568627450980392
0.48627450980392156
0.4117647058823529
0.6745098039215687
0.5843137254901961
0.5098039215686274
0.7686274509803922
0.6941176470588235
0.6
0.792156862745098
0.7411764705882353
0.6509803921568628
0.792156862745098
0.7019607843137254
0.6431372549019608
0.8705882352941177
0.7725490196078432
0.7019607843137254
0.8274509803921568
0.7215686274509804
0.6470588235294118
0.7843137254901961
0.6901960784313725
0.6352941176470588
0.7843137254901961
0.6980392156862745
0.6431372549019608
0.7843137254901961
0.6901960784313725
0.615686274509804
0.7333333333333333
0.6313725490196078
0.5333333333333333
0.7607843137254902
0.6627450980392157
0.5529411764705883
0.7803921568627451
0.6901960784313725
0.5843137254901961
0.7803921568627451
0.6862745098039216
0.6078431372549019
0.7686274509803922
0.6705882352941176
0.6196078431372549
0.8313725490196079
0.7333333333333333
0.6980392156862745
0.8235294117647058
0.7490196078431373
0.6901960784313725
0.7529411764705882
0.6784313725490196
0.6196078431372549
0.7176470588235294
0.6431372549019608
0.5843137254901961
0.803921568627451
0.7294117647058823
0.6705882352941176
0.7764705882352941
0.7058823529411765
0.6392156862745098
0.6980392156862745
0.6313725490196078
0.5647058823529412
0.7607843137254902
0.6941176470588235
0.6313725490196078
0.6392156862745098
0.5725490196078431
0.5098039215686274
0.5372549019607843
0.4549019607843137
0.37254901960784315
0.47843137254901963
0.40784313725490196
0.3254901960784314
0.3176470588235294
0.2549019607843137
0.18823529411764706
0.25882352941176473
0.1843137254901961
0.10196078431372549
0.3333333333333333
0.24705882352941178
0.17254901960784313
0.47058823529411764
0.3843137254901961
0.3254901960784314
0.47843137254901963
0.3803921568627451
0.3137254901960784
0.4823529411764706
0.37254901960784315
0.29411764705882354
0.5215686274509804
0.40784313725490196
0.3254901960784314
0.6431372549019608
0.5450980392156862
0.4666666666666667
0.6784313725490196
0.596078431372549
0.5019607843137255
0.6901960784313725
0.6274509803921569
0.5372549019607843
0.7450980392156863
0.6470588235294118
0.5882352941176471
0.7294117647058823
0.6235294117647059
0.5568627450980392
0.8705882352941177
0.7568627450980392
0.6823529411764706
0.8235294117647058
0.7254901960784313
0.6705882352941176
0.7490196078431373
0.6627450980392157
0.6039215686274509
0.7607843137254902
0.6666666666666666
0.5882352941176471
0.792156862745098
0.6862745098039216
0.596078431372549
0.788235294117647
0.6862745098039216
0.5803921568627451
0.7764705882352941
0.6823529411764706
0.5686274509803921
0.7803921568627451
0.6784313725490196
0.5843137254901961
0.7568627450980392
0.6509803921568628
0.5843137254901961
0.7764705882352941
0.6784313725490196
0.6196078431372549
0.8156862745098039
0.7372549019607844
0.6784313725490196
0.7411764705882353
0.6666666666666666
0.6078431372549019
0.6666666666666666
0.592156862745098
0.5333333333333333
0.7215686274509804
0.6470588235294118
0.5882352941176471
0.7764705882352941
0.7058823529411765
0.6509803921568628
0.6627450980392157
0.592156862745098
0.5333333333333333
0.6549019607843137
0.5882352941176471
0.5176470588235295
0.596078431372549
0.5294117647058824
0.4549019607843137
0.5058823529411764
0.42745098039215684
0.33725490196078434
0.36470588235294116
0.29411764705882354
0.20784313725490197
0.29411764705882354
0.23529411764705882
0.16862745098039217
0.2823529411764706
0.21176470588235294
0.12549019607843137
0.30980392156862746
0.2235294117647059
0.1411764705882353
0.37254901960784315
0.2901960784313726
0.21568627450980393
0.4666666666666667
0.3686274509803922
0.2901960784313726
0.5215686274509804
0.403921568627451
0.3215686274509804
0.5137254901960784
0.38823529411764707
0.3058823529411765
0.5607843137254902
0.45098039215686275
0.3686274509803922
0.5686274509803921
0.47843137254901963
0.3764705882352941
0.5215686274509804
0.45098039215686275
0.35294117647058826
0.7607843137254902
0.6549019607843137
0.6039215686274509
0.6274509803921569
0.5137254901960784
0.4549019607843137
0.7176470588235294
0.596078431372549
0.5254901960784314
0.7803921568627451
0.6823529411764706
0.611764705882353
0.8352941176470589
0.7529411764705882
0.6705882352941176
0.7568627450980392
0.6666666666666666
0.5882352941176471
0.7137254901960784
0.611764705882353
0.5372549019607843
0.7686274509803922
0.6627450980392157
0.5803921568627451
0.7725490196078432
0.6666666666666666
0.5725490196078431
0.8117647058823529
0.7058823529411765
0.611764705882353
0.796078431372549
0.6901960784313725
0.592156862745098
0.796078431372549
0.6941176470588235
0.6039215686274509
0.7647058823529411
0.6862745098039216
0.6235294117647059
0.7019607843137254
0.6235294117647059
0.5647058823529412
0.7372549019607844
0.6627450980392157
0.6039215686274509
0.7490196078431373
0.6745098039215687
0.615686274509804
0.7803921568627451
0.7098039215686275
0.6588235294117647
0.7607843137254902
0.6901960784313725
0.6352941176470588
0.7098039215686275
0.6431372549019608
0.5725490196078431
0.6666666666666666
0.6
0.5215686274509804
0.5098039215686274
0.43137254901960786
0.3411764705882353
0.27058823529411763
0.19607843137254902
0.11372549019607843
0.2980392156862745
0.23529411764705882
0.16862745098039217
0.2823529411764706
0.21176470588235294
0.12941176470588237
0.29411764705882354
0.20784313725490197
0.10980392156862745
0.40784313725490196
0.32941176470588235
0.2235294117647059
0.4588235294117647
0.3764705882352941
0.2823529411764706
0.5490196078431373
0.4588235294117647
0.3764705882352941
0.5098039215686274
0.4117647058823529
0.3333333333333333
0.5254901960784314
0.41568627450980394
0.32941176470588235
0.5764705882352941
0.4823529411764706
0.3764705882352941
0.6235294117647059
0.5490196078431373
0.4470588235294118
0.7333333333333333
0.6352941176470588
0.6
0.7058823529411765
0.6
0.5450980392156862
0.7137254901960784
0.615686274509804
0.5450980392156862
0.7568627450980392
0.6666666666666666
0.6078431372549019
0.8156862745098039
0.7294117647058823
0.6588235294117647
0.8274509803921568
0.7411764705882353
0.6470588235294118
0.7725490196078432
0.6784313725490196
0.592156862745098
0.7803921568627451
0.6784313725490196
0.6039215686274509
0.7450980392156863
0.6431372549019608
0.5647058823529412
0.7686274509803922
0.6549019607843137
0.5725490196078431
0.8392156862745098
0.7137254901960784
0.6235294117647059
0.8470588235294118
0.7254901960784313
0.6352941176470588
0.8117647058823529
0.7215686274509804
0.6431372549019608
0.7725490196078432
0.6705882352941176
0.6078431372549019
0.7803921568627451
0.6745098039215687
0.6196078431372549
0.792156862745098
0.6980392156862745
0.6431372549019608
0.8156862745098039
0.7333333333333333
0.6862745098039216
0.8196078431372549
0.7411764705882353
0.6941176470588235
0.807843137254902
0.7294117647058823
0.6745098039215687
0.7725490196078432
0.6941176470588235
0.6352941176470588
0.4666666666666667
0.38823529411764707
0.3215686274509804
0.22745098039215686
0.15294117647058825
0.08627450980392157
0.2549019607843137
0.1843137254901961
0.12156862745098039
0.30980392156862746
0.23529411764705882
0.16862745098039217
0.27450980392156865
0.1843137254901961
0.10980392156862745
0.4196078431372549
0.3215686274509804
0.23921568627450981
0.5019607843137255
0.4196078431372549
0.33725490196078434
0.5372549019607843
0.4666666666666667
0.38823529411764707
0.5529411764705883
0.4823529411764706
0.4
0.5254901960784314
0.43529411764705883
0.3411764705882353
0.5372549019607843
0.45098039215686275
0.3568627450980392
0.5686274509803921
0.4980392156862745
0.4117647058823529
0.7529411764705882
0.6666666666666666
0.6274509803921569
0.7607843137254902
0.6666666666666666
0.615686274509804
0.7294117647058823
0.6549019607843137
0.5882352941176471
0.7137254901960784
0.6274509803921569
0.5843137254901961
0.7372549019607844
0.6352941176470588
0.5803921568627451
0.7843137254901961
0.6784313725490196
0.5882352941176471
0.7647058823529411
0.6549019607843137
0.5607843137254902
0.7294117647058823
0.6235294117647059
0.5411764705882353
0.7058823529411765
0.6039215686274509
0.5215686274509804
0.6549019607843137
0.5450980392156862
0.4588235294117647
0.7843137254901961
0.6588235294117647
0.5686274509803921
0.8274509803921568
0.7058823529411765
0.6078431372549019
0.8901960784313725
0.792156862745098
0.6941176470588235
0.8627450980392157
0.7450980392156863
0.6627450980392157
0.803921568627451
0.6862745098039216
0.615686274509804
0.8196078431372549
0.7254901960784313
0.6549019607843137
0.8156862745098039
0.7411764705882353
0.6823529411764706
0.792156862745098
0.7215686274509804
0.6666666666666666
0.8666666666666667
0.796078431372549
0.7411764705882353
0.8196078431372549
0.7490196078431373
0.6941176470588235
0.4
0.3254901960784314
0.27058823529411763
0.23529411764705882
0.1607843137254902
0.10196078431372549
0.28627450980392155
0.21176470588235294
0.15294117647058825
0.34901960784313724
0.27450980392156865
0.21568627450980393
0.36470588235294116
0.2784313725490196
0.2196078431372549
0.4549019607843137
0.3607843137254902
0.29411764705882354
0.5568627450980392
0.4745098039215686
0.403921568627451
0.6235294117647059
0.5568627450980392
0.4823529411764706
0.5686274509803921
0.5058823529411764
0.4235294117647059
0.5686274509803921
0.48627450980392156
0.39215686274509803
0.5294117647058824
0.4470588235294118
0.3607843137254902
0.5333333333333333
0.4627450980392157
0.38823529411764707
0.788235294117647
0.7019607843137254
0.6470588235294118
0.6784313725490196
0.592156862745098
0.5450980392156862
0.5647058823529412
0.5058823529411764
0.45098039215686275
0.5882352941176471
0.5098039215686274
0.4666666666666667
0.6274509803921569
0.5215686274509804
0.4745098039215686
0.6745098039215687
0.5568627450980392
0.48627450980392156
0.7176470588235294
0.5843137254901961
0.5058823529411764
0.7764705882352941
0.6509803921568628
0.5686274509803921
0.7568627450980392
0.6549019607843137
0.5647058823529412
0.615686274509804
0.5137254901960784
0.41568627450980394
0.6627450980392157
0.5568627450980392
0.45098039215686275
0.7725490196078432
0.6705882352941176
0.5529411764705883
0.8235294117647058
0.7333333333333333
0.615686274509804
0.8313725490196079
0.7215686274509804
0.6196078431372549
0.8235294117647058
0.7098039215686275
0.6196078431372549
0.9137254901960784
0.8274509803921568
0.7411764705882353
0.8784313725490196
0.8196078431372549
0.7490196078431373
0.8666666666666667
0.8117647058823529
0.7490196078431373
0.8941176470588236
0.8392156862745098
0.7725490196078432
0.7058823529411765
0.6549019607843137
0.5882352941176471
0.34509803921568627
0.2784313725490196
0.21568627450980393
0.3254901960784314
0.25098039215686274
0.19215686274509805
0.3607843137254902
0.28627450980392155
0.22745098039215686
0.38823529411764707
0.3137254901960784
0.2549019607843137
0.43137254901960786
0.3568627450980392
0.29411764705882354
0.4627450980392157
0.38823529411764707
0.3215686274509804
0.5411764705882353
0.47058823529411764
0.403921568627451
0.6392156862745098
0.5725490196078431
0.5019607843137255
0.5843137254901961
0.5137254901960784
0.44313725490196076
0.6196078431372549
0.5333333333333333
0.45098039215686275
0.5843137254901961
0.5019607843137255
0.4196078431372549
0.49019607843137253
0.4196078431372549
0.33725490196078434
0.7764705882352941
0.6941176470588235
0.6274509803921569
0.5058823529411764
0.43137254901960786
0.3843137254901961
0.30196078431372547
0.25882352941176473
0.2235294117647059
0.40784313725490196
0.3686274509803922
0.3333333333333333
0.5411764705882353
0.47843137254901963
0.4470588235294118
0.6235294117647059
0.5333333333333333
0.5019607843137255
0.7058823529411765
0.596078431372549
0.5411764705882353
0.7490196078431373
0.6352941176470588
0.5647058823529412
0.803921568627451
0.6980392156862745
0.6235294117647059
0.803921568627451
0.7058823529411765
0.6196078431372549
0.6980392156862745
0.6078431372549019
0.5058823529411764
0.8352941176470589
0.7568627450980392
0.6431372549019608
0.807843137254902
0.7215686274509804
0.6078431372549019
0.8196078431372549
0.7098039215686275
0.611764705882353
0.8705882352941177
0.7568627450980392
0.6705882352941176
0.8862745098039215
0.796078431372549
0.7098039215686275
0.9294117647058824
0.8666666666666667
0.792156862745098
0.9058823529411765
0.8509803921568627
0.7803921568627451
0.9019607843137255
0.8509803921568627
0.7764705882352941
0.6941176470588235
0.6392156862745098
0.5647058823529412
0.3176470588235294
0.25098039215686274
0.1843137254901961
0.3803921568627451
0.3058823529411765
0.24705882352941178
0.3803921568627451
0.3058823529411765
0.24705882352941178
0.39215686274509803
0.3176470588235294
0.25882352941176473
0.43137254901960786
0.36470588235294116
0.3058823529411765
0.4745098039215686
0.4196078431372549
0.3568627450980392
0.5019607843137255
0.4392156862745098
0.3764705882352941
0.5882352941176471
0.5215686274509804
0.4627450980392157
0.6313725490196078
0.5607843137254902
0.4980392156862745
0.6470588235294118
0.5607843137254902
0.49411764705882355
0.6352941176470588
0.5529411764705883
0.4745098039215686
0.5019607843137255
0.43529411764705883
0.34509803921568627
0.807843137254902
0.7294117647058823
0.6470588235294118
0.6431372549019608
0.5764705882352941
0.5333333333333333
0.38823529411764707
0.35294117647058826
0.32941176470588235
0.2823529411764706
0.28627450980392155
0.25882352941176473
0.34901960784313724
0.34901960784313724
0.33725490196078434
0.4235294117647059
0.38823529411764707
0.3843137254901961
0.5882352941176471
0.5215686274509804
0.49411764705882355
0.7490196078431373
0.6588235294117647
0.6039215686274509
0.7647058823529411
0.6509803921568628
0.6
0.8156862745098039
0.7137254901960784
0.6549019607843137
0.8352941176470589
0.7568627450980392
0.6745098039215687
0.7843137254901961
0.7098039215686275
0.6196078431372549
0.7568627450980392
0.6666666666666666
0.5725490196078431
0.8235294117647058
0.7098039215686275
0.6313725490196078
0.8392156862745098
0.7215686274509804
0.6549019607843137
0.8
0.7019607843137254
0.6392156862745098
0.8627450980392157
0.788235294117647
0.7137254901960784
0.8862745098039215
0.8156862745098039
0.7372549019607844
0.9137254901960784
0.8470588235294118
0.7725490196078432
0.6196078431372549
0.5529411764705883
0.4745098039215686
0.36470588235294116
0.2901960784313726
0.22745098039215686
0.396078431372549
0.3215686274509804
0.2627450980392157
0.4
0.32941176470588235
0.26666666666666666
0.4549019607843137
0.3764705882352941
0.3176470588235294
0.4196078431372549
0.3607843137254902
0.2980392156862745
0.5058823529411764
0.4666666666666667
0.403921568627451
0.5294117647058824
0.47843137254901963
0.4196078431372549
0.5764705882352941
0.5058823529411764
0.4549019607843137
0.6588235294117647
0.5803921568627451
0.5294117647058824
0.7176470588235294
0.6274509803921569
0.5686274509803921
0.6980392156862745
0.615686274509804
0.5411764705882353
0.592156862745098
0.5254901960784314
0.43137254901960786
0.8745098039215686
0.788235294117647
0.7137254901960784
0.792156862745098
0.7137254901960784
0.6627450980392157
0.7098039215686275
0.6470588235294118
0.596078431372549
0.47058823529411764
0.44313725490196076
0.396078431372549
0.3215686274509804
0.3137254901960784
0.29411764705882354
0.30980392156862746
0.2980392156862745
0.3058823529411765
0.3254901960784314
0.3058823529411765
0.3137254901960784
0.5411764705882353
0.48627450980392156
0.4666666666666667
0.7843137254901961
0.6901960784313725
0.6392156862745098
0.8352941176470589
0.7490196078431373
0.6980392156862745
0.8431372549019608
0.7764705882352941
0.7176470588235294
0.7607843137254902
0.7019607843137254
0.6431372549019608
0.7686274509803922
0.7058823529411765
0.6549019607843137
0.8235294117647058
0.7490196078431373
0.6901960784313725
0.788235294117647
0.7058823529411765
0.6470588235294118
0.7058823529411765
0.6313725490196078
0.5803921568627451
0.7294117647058823
0.6705882352941176
0.615686274509804
0.8156862745098039
0.7568627450980392
0.7019607843137254
0.807843137254902
0.7529411764705882
0.6980392156862745
0.6352941176470588
0.5803921568627451
0.5254901960784314
0.5490196078431373
0.49411764705882355
0.43137254901960786
0.41568627450980394
0.3607843137254902
0.29411764705882354
0.35294117647058826
0.2901960784313726
0.23137254901960785
0.4627450980392157
0.39215686274509803
0.3411764705882353
0.37254901960784315
0.3137254901960784
0.2627450980392157
0.3686274509803922
0.3215686274509804
0.26666666666666666
0.5254901960784314
0.4627450980392157
0.40784313725490196
0.49019607843137253
0.40784313725490196
0.34901960784313724
0.5764705882352941
0.48627450980392156
0.4196078431372549
0.7372549019607844
0.6431372549019608
0.5686274509803921
0.7411764705882353
0.6588235294117647
0.5803921568627451
0.5803921568627451
0.5176470588235295
0.42745098039215684
0.8274509803921568
0.7372549019607844
0.6745098039215687
0.788235294117647
0.6941176470588235
0.6431372549019608
0.8196078431372549
0.7294117647058823
0.6549019607843137
0.792156862745098
0.7176470588235294
0.6470588235294118
0.6980392156862745
0.6431372549019608
0.6039215686274509
0.49411764705882355
0.4588235294117647
0.44313725490196076
0.27450980392156865
0.25098039215686274
0.2627450980392157
0.2627450980392157
0.23921568627450981
0.24313725490196078
0.5254901960784314
0.5019607843137255
0.4823529411764706
0.7529411764705882
0.7333333333333333
0.7176470588235294
0.6078431372549019
0.6
0.596078431372549
0.6
0.592156862745098
0.5882352941176471
0.6509803921568628
0.6196078431372549
0.596078431372549
0.6392156862745098
0.6039215686274509
0.5490196078431373
0.6705882352941176
0.6274509803921569
0.5647058823529412
0.6784313725490196
0.6235294117647059
0.5803921568627451
0.6862745098039216
0.6470588235294118
0.611764705882353
0.7294117647058823
0.6980392156862745
0.6588235294117647
0.7843137254901961
0.7490196078431373
0.7098039215686275
0.8
0.7647058823529411
0.7254901960784313
0.7137254901960784
0.6745098039215687
0.6235294117647059
0.6274509803921569
0.5803921568627451
0.5215686274509804
0.5411764705882353
0.4823529411764706
0.4235294117647059
0.5333333333333333
0.4666666666666667
0.403921568627451
0.38823529411764707
0.3215686274509804
0.26666666666666666
0.3686274509803922
0.30196078431372547
0.25098039215686274
0.5137254901960784
0.43137254901960786
0.3686274509803922
0.5686274509803921
0.4666666666666667
0.38823529411764707
0.5803921568627451
0.4745098039215686
0.3843137254901961
0.6823529411764706
0.5843137254901961
0.49411764705882355
0.6901960784313725
0.6078431372549019
0.5215686274509804
0.5725490196078431
0.5098039215686274
0.42745098039215684
0.8
0.7098039215686275
0.6470588235294118
0.807843137254902
0.7137254901960784
0.6627450980392157
0.807843137254902
0.7215686274509804
0.6470588235294118
0.8117647058823529
0.7294117647058823
0.6509803921568628
0.8509803921568627
0.7686274509803922
0.7019607843137254
0.8431372549019608
0.7647058823529411
0.7137254901960784
0.5882352941176471
0.5372549019607843
0.5058823529411764
0.27450980392156865
0.2627450980392157
0.2549019607843137
0.3333333333333333
0.35294117647058826
0.3686274509803922
0.49019607843137253
0.5137254901960784
0.5372549019607843
0.41568627450980394
0.45098039215686275
0.47843137254901963
0.47843137254901963
0.5098039215686274
0.5333333333333333
0.5647058823529412
0.5411764705882353
0.5254901960784314
0.5725490196078431
0.5411764705882353
0.49411764705882355
0.615686274509804
0.5764705882352941
0.5176470588235295
0.6666666666666666
0.6196078431372549
0.5803921568627451
0.6941176470588235
0.6588235294117647
0.6274509803921569
0.7372549019607844
0.7098039215686275
0.6784313725490196
0.796078431372549
0.7686274509803922
0.7333333333333333
0.7568627450980392
0.7254901960784313
0.6941176470588235
0.6431372549019608
0.6
0.5725490196078431
0.615686274509804
0.5607843137254902
0.5254901960784314
0.6196078431372549
0.5568627450980392
0.4980392156862745
0.6666666666666666
0.596078431372549
0.5176470588235295
0.5019607843137255
0.43529411764705883
0.3607843137254902
0.42745098039215684
0.35294117647058826
0.29411764705882354
0.5568627450980392
0.4666666666666667
0.396078431372549
0.6235294117647059
0.5176470588235295
0.43137254901960786
0.6980392156862745
0.5803921568627451
0.48627450980392156
0.7058823529411765
0.6
0.5137254901960784
0.5882352941176471
0.4980392156862745
0.41568627450980394
0.5372549019607843
0.4666666666666667
0.38823529411764707
0.8784313725490196
0.7843137254901961
0.7254901960784313
0.8117647058823529
0.7215686274509804
0.6705882352941176
0.7607843137254902
0.6745098039215687
0.6
0.8117647058823529
0.7254901960784313
0.6509803921568628
0.8627450980392157
0.7647058823529411
0.6862745098039216
0.8705882352941177
0.7686274509803922
0.6823529411764706
0.7568627450980392
0.6941176470588235
0.6313725490196078
0.49019607843137253
0.4588235294117647
0.42745098039215684
0.4470588235294118
0.42745098039215684
0.40784313725490196
0.49411764705882355
0.47843137254901963
0.4666666666666667
0.43529411764705883
0.43137254901960786
0.42745098039215684
0.49411764705882355
0.49019607843137253
0.48627450980392156
0.5490196078431373
0.5294117647058824
0.5137254901960784
0.592156862745098
0.5686274509803921
0.5254901960784314
0.592156862745098
0.5607843137254902
0.5098039215686274
0.6274509803921569
0.5882352941176471
0.5529411764705883
0.6549019607843137
0.6274509803921569
0.6
0.7294117647058823
0.7098039215686275
0.6823529411764706
0.7764705882352941
0.7607843137254902
0.7294117647058823
0.6705882352941176
0.6509803921568628
0.6196078431372549
0.45098039215686275
0.4196078431372549
0.40784313725490196
0.3607843137254902
0.3176470588235294
0.30980392156862746
0.3803921568627451
0.3333333333333333
0.2980392156862745
0.4196078431372549
0.3686274509803922
0.3137254901960784
0.5019607843137255
0.44313725490196076
0.38823529411764707
0.5019607843137255
0.43529411764705883
0.3843137254901961
0.5803921568627451
0.5019607843137255
0.4392156862745098
0.6
0.5019607843137255
0.4235294117647059
0.6392156862745098
0.5254901960784314
0.4392156862745098
0.6862745098039216
0.5725490196078431
0.49019607843137253
0.5725490196078431
0.47058823529411764
0.39215686274509803
0.5098039215686274
0.43137254901960786
0.3568627450980392
0.8431372549019608
0.7490196078431373
0.6901960784313725
0.8
0.7098039215686275
0.6588235294117647
0.8
0.7098039215686275
0.6392156862745098
0.807843137254902
0.7294117647058823
0.6666666666666666
0.8509803921568627
0.7529411764705882
0.6745098039215687
0.9058823529411765
0.796078431372549
0.6980392156862745
0.6313725490196078
0.5725490196078431
0.4980392156862745
0.4549019607843137
0.4235294117647059
0.3803921568627451
0.45098039215686275
0.403921568627451
0.3686274509803922
0.4470588235294118
0.40784313725490196
0.3764705882352941
0.49411764705882355
0.4666666666666667
0.44313725490196076
0.5333333333333333
0.5137254901960784
0.4980392156862745
0.6235294117647059
0.611764705882353
0.6
0.6352941176470588
0.6196078431372549
0.5803921568627451
0.5725490196078431
0.5450980392156862
0.5019607843137255
0.5843137254901961
0.5529411764705883
0.5215686274509804
0.6313725490196078
0.611764705882353
0.592156862745098
0.7333333333333333
0.7215686274509804
0.6980392156862745
0.7607843137254902
0.7490196078431373
0.7254901960784313
0.5647058823529412
0.5490196078431373
0.5294117647058824
0.22745098039215686
0.2196078431372549
0.21176470588235294
0.5137254901960784
0.5019607843137255
0.5019607843137255
0.6078431372549019
0.5882352941176471
0.5843137254901961
0.2784313725490196
0.25098039215686274
0.24705882352941178
0.12941176470588237
0.09019607843137255
0.0784313725490196
0.33725490196078434
0.29411764705882354
0.25882352941176473
0.5803921568627451
0.5215686274509804
0.4745098039215686
0.6470588235294118
0.5725490196078431
0.5137254901960784
0.5333333333333333
0.43529411764705883
0.36470588235294116
0.5764705882352941
0.45098039215686275
0.37254901960784315
0.5686274509803921
0.4588235294117647
0.3843137254901961
0.5568627450980392
0.47058823529411764
0.4
0.8196078431372549
0.7294117647058823
0.6705882352941176
0.807843137254902
0.7176470588235294
0.6627450980392157
0.803921568627451
0.7137254901960784
0.6470588235294118
0.788235294117647
0.7137254901960784
0.6509803921568628
0.803921568627451
0.7215686274509804
0.6509803921568628
0.8313725490196079
0.7411764705882353
0.6549019607843137
0.7215686274509804
0.6549019607843137
0.5843137254901961
0.47843137254901963
0.44313725490196076
0.38823529411764707
0.40784313725490196
0.3843137254901961
0.3411764705882353
0.3764705882352941
0.35294117647058826
0.33725490196078434
0.4235294117647059
0.396078431372549
0.39215686274509803
0.44313725490196076
0.4196078431372549
0.4117647058823529
0.5529411764705883
0.5372549019607843
0.5215686274509804
0.596078431372549
0.5803921568627451
0.5490196078431373
0.6196078431372549
0.6
0.5647058823529412
0.611764705882353
0.5843137254901961
0.5607843137254902
0.5882352941176471
0.5686274509803921
0.5490196078431373
0.7019607843137254
0.6862745098039216
0.6705882352941176
0.7254901960784313
0.7098039215686275
0.6980392156862745
0.396078431372549
0.3843137254901961
0.3764705882352941
0.6274509803921569
0.6352941176470588
0.6352941176470588
0.8313725490196079
0.8470588235294118
0.8588235294117647
0.47058823529411764
0.4745098039215686
0.49411764705882355
0.36470588235294116
0.36470588235294116
0.3843137254901961
0.2549019607843137
0.26666666666666666
0.2901960784313726
0.4627450980392157
0.47058823529411764
0.47058823529411764
0.45098039215686275
0.403921568627451
0.3607843137254902
0.5058823529411764
0.42745098039215684
0.3568627450980392
0.4392156862745098
0.35294117647058826
0.27450980392156865
0.396078431372549
0.29411764705882354
0.2
0.41568627450980394
0.3254901960784314
0.23529411764705882
0.5058823529411764
0.42745098039215684
0.3568627450980392
0.7686274509803922
0.6745098039215687
0.6196078431372549
0.796078431372549
0.7058823529411765
0.6509803921568628
0.7843137254901961
0.6941176470588235
0.6392156862745098
0.7372549019607844
0.6588235294117647
0.596078431372549
0.7764705882352941
0.7019607843137254
0.6352941176470588
0.8
0.7254901960784313
0.6588235294117647
0.792156862745098
0.7176470588235294
0.6509803921568628
0.611764705882353
0.5568627450980392
0.49019607843137253
0.38823529411764707
0.36470588235294116
0.3137254901960784
0.3764705882352941
0.34509803921568627
0.3411764705882353
0.3568627450980392
0.3176470588235294
0.32941176470588235
0.3686274509803922
0.33725490196078434
0.3254901960784314
0.4666666666666667
0.44313725490196076
0.4196078431372549
0.5647058823529412
0.5450980392156862
0.5215686274509804
0.611764705882353
0.592156862745098
0.5686274509803921
0.6588235294117647
0.6392156862745098
0.615686274509804
0.5843137254901961
0.5568627450980392
0.5411764705882353
0.5333333333333333
0.5176470588235295
0.5058823529411764
0.7058823529411765
0.6980392156862745
0.6901960784313725
0.4117647058823529
0.4117647058823529
0.4117647058823529
0.7372549019607844
0.7568627450980392
0.7607843137254902
0.8862745098039215
0.9137254901960784
0.9215686274509803
0.6941176470588235
0.7215686274509804
0.7333333333333333
0.6078431372549019
0.6313725490196078
0.6509803921568628
0.5372549019607843
0.5882352941176471
0.6313725490196078
0.6941176470588235
0.7450980392156863
0.7725490196078432
0.47843137254901963
0.4392156862745098
0.396078431372549
0.41568627450980394
0.32941176470588235
0.24705882352941178
0.4549019607843137
0.3686274509803922
0.28627450980392155
0.4980392156862745
0.41568627450980394
0.3137254901960784
0.42745098039215684
0.34901960784313724
0.2627450980392157
0.4627450980392157
0.39215686274509803
0.3254901960784314
0.7294117647058823
0.6392156862745098
0.5803921568627451
0.7490196078431373
0.6588235294117647
0.6
0.7529411764705882
0.6627450980392157
0.6039215686274509
0.7294117647058823
0.6431372549019608
0.5803921568627451
0.7607843137254902
0.6823529411764706
0.615686274509804
0.8235294117647058
0.7450980392156863
0.6784313725490196
0.796078431372549
0.7176470588235294
0.6509803921568628
0.7490196078431373
0.6666666666666666
0.611764705882353
0.49019607843137253
0.41568627450980394
0.3843137254901961
0.4
0.34509803921568627
0.33725490196078434
0.3803921568627451
0.35294117647058826
0.35294117647058826
0.3803921568627451
0.3686274509803922
0.3568627450980392
0.4588235294117647
0.4392156862745098
0.4196078431372549
0.5294117647058824
0.5098039215686274
0.48627450980392156
0.5411764705882353
0.5215686274509804
0.4980392156862745
0.5803921568627451
0.5607843137254902
0.5372549019607843
0.6
0.5843137254901961
0.5647058823529412
0.5254901960784314
0.5137254901960784
0.5019607843137255
0.615686274509804
0.615686274509804
0.6039215686274509
0.4235294117647059
0.43137254901960786
0.43137254901960786
0.6470588235294118
0.6705882352941176
0.6549019607843137
0.8823529411764706
0.9215686274509803
0.8980392156862745
0.8509803921568627
0.8862745098039215
0.8862745098039215
0.7019607843137254
0.7294117647058823
0.7490196078431373
0.5215686274509804
0.5647058823529412
0.6
0.5843137254901961
0.6235294117647059
0.6392156862745098
0.5686274509803921
0.5411764705882353
0.5058823529411764
0.4470588235294118
0.3803921568627451
0.3176470588235294
0.5294117647058824
0.4549019607843137
0.38823529411764707
0.6823529411764706
0.592156862745098
0.5098039215686274
0.6078431372549019
0.5215686274509804
0.45098039215686275
0.5411764705882353
0.4627450980392157
0.40784313725490196
0.788235294117647
0.6980392156862745
0.6235294117647059
0.7686274509803922
0.6784313725490196
0.6078431372549019
0.7607843137254902
0.6745098039215687
0.6
0.7294117647058823
0.6352941176470588
0.5725490196078431
0.7725490196078432
0.6823529411764706
0.6196078431372549
0.8274509803921568
0.7372549019607844
0.6745098039215687
0.792156862745098
0.7019607843137254
0.6392156862745098
0.7098039215686275
0.6078431372549019
0.5529411764705883
0.5450980392156862
0.4392156862745098
0.4
0.41568627450980394
0.34509803921568627
0.30196078431372547
0.3803921568627451
0.34901960784313724
0.3176470588235294
0.3607843137254902
0.35294117647058826
0.32941176470588235
0.396078431372549
0.3764705882352941
0.35294117647058826
0.4745098039215686
0.4549019607843137
0.43137254901960786
0.5058823529411764
0.48627450980392156
0.4627450980392157
0.5058823529411764
0.48627450980392156
0.4627450980392157
0.5647058823529412
0.5529411764705883
0.5333333333333333
0.6549019607843137
0.6549019607843137
0.6352941176470588
0.6862745098039216
0.6941176470588235
0.6823529411764706
0.5568627450980392
0.5725490196078431
0.5686274509803921
0.4588235294117647
0.47843137254901963
0.4588235294117647
0.7803921568627451
0.8
0.7725490196078432
0.8509803921568627
0.8705882352941177
0.8588235294117647
0.6666666666666666
0.6823529411764706
0.6823529411764706
0.47058823529411764
0.49019607843137253
0.49411764705882355
0.4666666666666667
0.47058823529411764
0.4588235294117647
0.5568627450980392
0.5215686274509804
0.4823529411764706
0.5647058823529412
0.5019607843137255
0.44313725490196076
0.5803921568627451
0.5058823529411764
0.4392156862745098
0.5725490196078431
0.47058823529411764
0.4
0.6588235294117647
0.5647058823529412
0.49411764705882355
0.6784313725490196
0.592156862745098
0.5294117647058824
0.788235294117647
0.7019607843137254
0.615686274509804
0.792156862745098
0.7058823529411765
0.6235294117647059
0.8352941176470589
0.7529411764705882
0.6666666666666666
0.8117647058823529
0.7176470588235294
0.6509803921568628
0.7372549019607844
0.6352941176470588
0.5764705882352941
0.7254901960784313
0.6235294117647059
0.5686274509803921
0.596078431372549
0.49411764705882355
0.4392156862745098
0.4666666666666667
0.3568627450980392
0.2980392156862745
0.4470588235294118
0.3411764705882353
0.2627450980392157
0.48627450980392156
0.4117647058823529
0.3215686274509804
0.3764705882352941
0.3333333333333333
0.26666666666666666
0.2901960784313726
0.25882352941176473
0.22745098039215686
0.3058823529411765
0.28627450980392155
0.26666666666666666
0.38823529411764707
0.3686274509803922
0.34901960784313724
0.4666666666666667
0.4470588235294118
0.4235294117647059
0.5058823529411764
0.49019607843137253
0.4627450980392157
0.5568627450980392
0.5529411764705883
0.5294117647058824
0.6862745098039216
0.6941176470588235
0.6705882352941176
0.7843137254901961
0.8
0.788235294117647
0.7568627450980392
0.7803921568627451
0.7764705882352941
0.5254901960784314
0.5294117647058824
0.5294117647058824
0.43137254901960786
0.41568627450980394
0.4117647058823529
0.6862745098039216
0.6745098039215687
0.6588235294117647
0.6196078431372549
0.611764705882353
0.5803921568627451
0.49019607843137253
0.4666666666666667
0.4235294117647059
0.49019607843137253
0.4392156862745098
0.39215686274509803
0.5137254901960784
0.4549019607843137
0.396078431372549
0.6274509803921569
0.5529411764705883
0.4823529411764706
0.6235294117647059
0.5333333333333333
0.4549019607843137
0.5843137254901961
0.47843137254901963
0.396078431372549
0.5254901960784314
0.4235294117647059
0.33725490196078434
0.611764705882353
0.5215686274509804
0.42745098039215684
0.7098039215686275
0.615686274509804
0.5372549019607843
0.7176470588235294
0.6235294117647059
0.5490196078431373
0.7176470588235294
0.6235294117647059
0.5490196078431373
0.7137254901960784
0.615686274509804
0.5411764705882353
0.6666666666666666
0.5568627450980392
0.47843137254901963
0.4588235294117647
0.34509803921568627
0.2627450980392157
0.3686274509803922
0.25882352941176473
0.1843137254901961
0.38823529411764707
0.28627450980392155
0.21176470588235294
0.4117647058823529
0.30980392156862746
0.2235294117647059
0.4549019607843137
0.3568627450980392
0.24313725490196078
0.45098039215686275
0.3686274509803922
0.27058823529411763
0.396078431372549
0.33725490196078434
0.27058823529411763
0.3176470588235294
0.2901960784313726
0.24313725490196078
0.32941176470588235
0.3058823529411765
0.27058823529411763
0.35294117647058826
0.32941176470588235
0.3058823529411765
0.3803921568627451
0.36470588235294116
0.34901960784313724
0.5176470588235295
0.5137254901960784
0.5019607843137255
0.7019607843137254
0.7058823529411765
0.6980392156862745
0.796078431372549
0.8117647058823529
0.803921568627451
0.8313725490196079
0.8666666666666667
0.8588235294117647
0.8156862745098039
0.8117647058823529
0.8235294117647058
0.5333333333333333
0.5058823529411764
0.5019607843137255
0.4980392156862745
0.4745098039215686
0.4392156862745098
0.5333333333333333
0.4980392156862745
0.44313725490196076
0.48627450980392156
0.4392156862745098
0.36470588235294116
0.5294117647058824
0.4666666666666667
0.39215686274509803
0.5764705882352941
0.5058823529411764
0.4470588235294118
0.6392156862745098
0.5529411764705883
0.4823529411764706
0.6392156862745098
0.5372549019607843
0.45098039215686275
0.6352941176470588
0.5294117647058824
0.43137254901960786
0.5411764705882353
0.43529411764705883
0.33725490196078434
0.5294117647058824
0.43529411764705883
0.3254901960784314
0.6509803921568628
0.5568627450980392
0.48627450980392156
0.6352941176470588
0.5411764705882353
0.47058823529411764
0.5215686274509804
0.42745098039215684
0.3568627450980392
0.4235294117647059
0.3254901960784314
0.23921568627450981
0.4235294117647059
0.3058823529411765
0.2
0.34509803921568627
0.21176470588235294
0.09411764705882353
0.3058823529411765
0.1843137254901961
0.0784313725490196
0.4
0.2980392156862745
0.2196078431372549
0.4549019607843137
0.34509803921568627
0.27450980392156865
0.44313725490196076
0.3137254901960784
0.21568627450980393
0.3411764705882353
0.22745098039215686
0.12549019607843137
0.49411764705882355
0.4235294117647059
0.32941176470588235
0.5686274509803921
0.5254901960784314
0.4392156862745098
0.36470588235294116
0.3333333333333333
0.26666666666666666
0.28627450980392155
0.2627450980392157
0.2235294117647059
0.2980392156862745
0.28627450980392155
0.27058823529411763
0.4549019607843137
0.45098039215686275
0.4627450980392157
0.7450980392156863
0.7490196078431373
0.7607843137254902
0.796078431372549
0.807843137254902
0.8117647058823529
0.788235294117647
0.8156862745098039
0.807843137254902
0.8156862745098039
0.8196078431372549
0.8117647058823529
0.7725490196078432
0.7607843137254902
0.7294117647058823
0.7098039215686275
0.6901960784313725
0.6313725490196078
0.6784313725490196
0.6352941176470588
0.5803921568627451
0.48627450980392156
0.43137254901960786
0.36470588235294116
0.5725490196078431
0.5098039215686274
0.43137254901960786
0.6588235294117647
0.5843137254901961
0.5294117647058824
0.6980392156862745
0.6039215686274509
0.5411764705882353
0.6392156862745098
0.5411764705882353
0.4470588235294118
0.6509803921568628
0.5490196078431373
0.44313725490196076
0.5686274509803921
0.4666666666666667
0.3607843137254902
0.5607843137254902
0.4588235294117647
0.3568627450980392
0.6039215686274509
0.5215686274509804
0.4549019607843137
0.5764705882352941
0.4980392156862745
0.42745098039215684
0.5686274509803921
0.49019607843137253
0.4235294117647059
0.403921568627451
0.3176470588235294
0.23921568627450981
0.3568627450980392
0.24705882352941178
0.15294117647058825
0.39215686274509803
0.27450980392156865
0.16862745098039217
0.3254901960784314
0.2196078431372549
0.12156862745098039
0.403921568627451
0.30196078431372547
0.2196078431372549
0.4470588235294118
0.3333333333333333
0.25098039215686274
0.3803921568627451
0.26666666666666666
0.1803921568627451
0.24313725490196078
0.15294117647058825
0.07450980392156863
0.3176470588235294
0.25882352941176473
0.1843137254901961
0.6274509803921569
0.592156862745098
0.49411764705882355
0.6
0.5725490196078431
0.47843137254901963
0.5372549019607843
0.5098039215686274
0.43137254901960786
0.5529411764705883
0.5372549019607843
0.4745098039215686
0.396078431372549
0.403921568627451
0.4
0.6705882352941176
0.6823529411764706
0.6901960784313725
0.7686274509803922
0.7725490196078432
0.7607843137254902
0.7333333333333333
0.7333333333333333
0.7058823529411765
0.7372549019607844
0.7294117647058823
0.7058823529411765
0.7058823529411765
0.6901960784313725
0.6549019607843137
0.6470588235294118
0.6235294117647059
0.5686274509803921
0.37254901960784315
0.34901960784313724
0.3176470588235294
0.2627450980392157
0.21568627450980393
0.16862745098039217
0.48627450980392156
0.4
0.3254901960784314
0.5882352941176471
0.49411764705882355
0.4235294117647059
0.7019607843137254
0.6078431372549019
0.5176470588235295
0.7529411764705882
0.6588235294117647
0.5490196078431373
0.6705882352941176
0.5686274509803921
0.47058823529411764
0.611764705882353
0.5098039215686274
0.40784313725490196
0.5333333333333333
0.43137254901960786
0.3333333333333333
0.6823529411764706
0.6196078431372549
0.5529411764705883
0.7411764705882353
0.6784313725490196
0.615686274509804
0.7254901960784313
0.6627450980392157
0.6
0.5686274509803921
0.4980392156862745
0.43137254901960786
0.36470588235294116
0.27450980392156865
0.19607843137254902
0.4117647058823529
0.30980392156862746
0.21568627450980393
0.3215686274509804
0.23137254901960785
0.1450980392156863
0.32941176470588235
0.23921568627450981
0.1607843137254902
0.30980392156862746
0.21176470588235294
0.12941176470588237
0.22745098039215686
0.1450980392156863
0.0784313725490196
0.17647058823529413
0.10588235294117647
0.050980392156862744
0.19607843137254902
0.13333333333333333
0.0784313725490196
0.396078431372549
0.36470588235294116
0.26666666666666666
0.6313725490196078
0.6
0.49019607843137253
0.6941176470588235
0.6588235294117647
0.5490196078431373
0.7294117647058823
0.7019607843137254
0.592156862745098
0.3803921568627451
0.3764705882352941
0.33725490196078434
0.3254901960784314
0.3215686274509804
0.30196078431372547
0.5803921568627451
0.5607843137254902
0.5176470588235295
0.6549019607843137
0.6235294117647059
0.5725490196078431
0.6627450980392157
0.6274509803921569
0.5764705882352941
0.5450980392156862
0.5019607843137255
0.44313725490196076
0.3686274509803922
0.3176470588235294
0.26666666666666666
0.11764705882352941
0.10196078431372549
0.07450980392156863
0.09803921568627451
0.06666666666666667
0.03529411764705882
0.26666666666666666
0.1803921568627451
0.12549019607843137
0.4470588235294118
0.3568627450980392
0.2784313725490196
0.5803921568627451
0.49019607843137253
0.38823529411764707
0.7098039215686275
0.615686274509804
0.5098039215686274
0.7176470588235294
0.615686274509804
0.5215686274509804
0.5882352941176471
0.48627450980392156
0.39215686274509803
0.4470588235294118
0.34509803921568627
0.2549019607843137
0.7176470588235294
0.6705882352941176
0.6078431372549019
0.7215686274509804
0.6745098039215687
0.611764705882353
0.6549019607843137
0.6078431372549019
0.5450980392156862
0.6549019607843137
0.596078431372549
0.5333333333333333
0.6039215686274509
0.5294117647058824
0.4588235294117647
0.5294117647058824
0.4392156862745098
0.3568627450980392
0.41568627450980394
0.33725490196078434
0.26666666666666666
0.2901960784313726
0.22745098039215686
0.17254901960784313
0.21176470588235294
0.15294117647058825
0.10588235294117647
0.13725490196078433
0.08627450980392157
0.050980392156862744
0.1568627450980392
0.09019607843137255
0.047058823529411764
0.21176470588235294
0.12941176470588237
0.07058823529411765
0.23137254901960785
0.19607843137254902
0.12156862745098039
0.38823529411764707
0.3568627450980392
0.25882352941176473
0.5019607843137255
0.4549019607843137
0.33725490196078434
0.5764705882352941
0.5215686274509804
0.39215686274509803
0.4980392156862745
0.44313725490196076
0.33725490196078434
0.28627450980392155
0.23137254901960785
0.15294117647058825
0.26666666666666666
0.21176470588235294
0.14901960784313725
0.3764705882352941
0.3137254901960784
0.2549019607843137
0.44313725490196076
0.3764705882352941
0.29411764705882354
0.4588235294117647
0.37254901960784315
0.2784313725490196
0.38823529411764707
0.2980392156862745
0.2235294117647059
0.1568627450980392
0.12156862745098039
0.07450980392156863
0.058823529411764705
0.054901960784313725
0.03529411764705882
0.09411764705882353
0.058823529411764705
0.03137254901960784
0.23921568627450981
0.1843137254901961
0.10980392156862745
0.4117647058823529
0.3254901960784314
0.23529411764705882
0.5529411764705883
0.44313725490196076
0.36470588235294116
0.5725490196078431
0.4666666666666667
0.38823529411764707
0.5294117647058824
0.4235294117647059
0.3411764705882353
0.4
0.29411764705882354
0.21176470588235294
0.6549019607843137
0.611764705882353
0.5490196078431373
0.6588235294117647
0.615686274509804
0.5529411764705883
0.6784313725490196
0.6352941176470588
0.5764705882352941
0.7176470588235294
0.6627450980392157
0.611764705882353
0.7098039215686275
0.6431372549019608
0.5803921568627451
0.7215686274509804
0.6470588235294118
0.5764705882352941
0.6235294117647059
0.5568627450980392
0.49019607843137253
0.5176470588235295
0.4666666666666667
0.4117647058823529
0.48627450980392156
0.4549019607843137
0.403921568627451
0.3607843137254902
0.3215686274509804
0.2784313725490196
0.3686274509803922
0.29411764705882354
0.23529411764705882
0.4235294117647059
0.3254901960784314
0.25098039215686274
0.33725490196078434
0.2823529411764706
0.21568627450980393
0.3137254901960784
0.2627450980392157
0.1843137254901961
0.32941176470588235
0.2784313725490196
0.1843137254901961
0.34901960784313724
0.2980392156862745
0.19215686274509805
0.38823529411764707
0.3176470588235294
0.2
0.40784313725490196
0.3176470588235294
0.20784313725490197
0.3411764705882353
0.2549019607843137
0.17254901960784313
0.33725490196078434
0.27058823529411763
0.20784313725490197
0.403921568627451
0.3254901960784314
0.2235294117647059
0.5098039215686274
0.38823529411764707
0.27450980392156865
0.48627450980392156
0.3686274509803922
0.2901960784313726
0.16470588235294117
0.12549019607843137
0.0784313725490196
0.043137254901960784
0.058823529411764705
0.03137254901960784
0.06666666666666667
0.058823529411764705
0.03137254901960784
0.15294117647058825
0.10588235294117647
0.043137254901960784
0.3254901960784314
0.23529411764705882
0.1568627450980392
0.4666666666666667
0.3568627450980392
0.28627450980392155
0.48627450980392156
0.3764705882352941
0.30196078431372547
0.45098039215686275
0.34901960784313724
0.2784313725490196
0.32941176470588235
0.23137254901960785
0.16470588235294117
0.6352941176470588
0.5882352941176471
0.5215686274509804
0.6352941176470588
0.5882352941176471
0.5294117647058824
0.6549019607843137
0.6078431372549019
0.5607843137254902
0.6705882352941176
0.6078431372549019
0.5647058823529412
0.6549019607843137
0.5882352941176471
0.5372549019607843
0.6627450980392157
0.596078431372549
0.5333333333333333
0.6509803921568628
0.5882352941176471
0.5176470588235295
0.6274509803921569
0.5725490196078431
0.5098039215686274
0.5176470588235295
0.4745098039215686
0.40784313725490196
0.49411764705882355
0.4392156862745098
0.34901960784313724
0.49411764705882355
0.42745098039215684
0.32941176470588235
0.43137254901960786
0.34901960784313724
0.2627450980392157
0.5686274509803921
0.48627450980392156
0.403921568627451
0.611764705882353
0.5450980392156862
0.47058823529411764
0.4745098039215686
0.42745098039215684
0.3686274509803922
0.26666666666666666
0.23921568627450981
0.18823529411764706
0.17254901960784313
0.13725490196078433
0.07450980392156863
0.23921568627450981
0.1568627450980392
0.08627450980392157
0.3254901960784314
0.2235294117647059
0.14901960784313725
0.41568627450980394
0.3607843137254902
0.29411764705882354
0.4549019607843137
0.39215686274509803
0.28627450980392155
0.5490196078431373
0.43529411764705883
0.33725490196078434
0.5254901960784314
0.41568627450980394
0.36470588235294116
0.15294117647058825
0.12941176470588237
0.09803921568627451
0.03529411764705882
0.058823529411764705
0.023529411764705882
0.09019607843137255
0.06666666666666667
0.03137254901960784
0.16470588235294117
0.09411764705882353
0.050980392156862744
0.23529411764705882
0.14901960784313725
0.08235294117647059
0.25098039215686274
0.17254901960784313
0.09019607843137255
0.4117647058823529
0.3137254901960784
0.23921568627450981
0.3176470588235294
0.23529411764705882
0.17254901960784313
0.17647058823529413
0.11764705882352941
0.07450980392156863
0.6745098039215687
0.6392156862745098
0.5803921568627451
0.7215686274509804
0.6862745098039216
0.6392156862745098
0.6784313725490196
0.6431372549019608
0.6039215686274509
0.611764705882353
0.5529411764705883
0.5058823529411764
0.6431372549019608
0.5725490196078431
0.5137254901960784
0.596078431372549
0.5294117647058824
0.4588235294117647
0.6235294117647059
0.5568627450980392
0.47843137254901963
0.611764705882353
0.5450980392156862
0.47058823529411764
0.5529411764705883
0.49411764705882355
0.4196078431372549
0.4980392156862745
0.43529411764705883
0.3333333333333333
0.4745098039215686
0.403921568627451
0.30196078431372547
0.5098039215686274
0.43529411764705883
0.35294117647058826
0.592156862745098
0.5294117647058824
0.4588235294117647
0.6509803921568628
0.5882352941176471
0.5215686274509804
0.6352941176470588
0.5764705882352941
0.5058823529411764
0.4745098039215686
0.4196078431372549
0.34901960784313724
0.25882352941176473
0.21176470588235294
0.1411764705882353
0.2823529411764706
0.20392156862745098
0.12549019607843137
0.36470588235294116
0.27058823529411763
0.1843137254901961
0.39215686274509803
0.3333333333333333
0.2549019607843137
0.396078431372549
0.3411764705882353
0.25098039215686274
0.5372549019607843
0.4470588235294118
0.3686274509803922
0.4627450980392157
0.3764705882352941
0.3333333333333333
0.10980392156862745
0.08235294117647059
0.054901960784313725
0.050980392156862744
0.06666666666666667
0.0392156862745098
0.09411764705882353
0.08627450980392157
0.06274509803921569
0.12156862745098039
0.08235294117647059
0.054901960784313725
0.13725490196078433
0.08627450980392157
0.043137254901960784
0.13333333333333333
0.08627450980392157
0.027450980392156862
0.3176470588235294
0.2627450980392157
0.19607843137254902
0.2196078431372549
0.17254901960784313
0.11764705882352941
0.09803921568627451
0.07058823529411765
0.027450980392156862
0.7647058823529411
0.7294117647058823
0.6705882352941176
0.7843137254901961
0.7490196078431373
0.7019607843137254
0.8274509803921568
0.788235294117647
0.7529411764705882
0.788235294117647
0.7254901960784313
0.6705882352941176
0.7176470588235294
0.6392156862745098
0.5647058823529412
0.6352941176470588
0.5568627450980392
0.4745098039215686
0.6039215686274509
0.5294117647058824
0.43529411764705883
0.5215686274509804
0.4470588235294118
0.35294117647058826
0.5254901960784314
0.45098039215686275
0.3607843137254902
0.5137254901960784
0.44313725490196076
0.3333333333333333
0.5019607843137255
0.43529411764705883
0.32941176470588235
0.4745098039215686
0.4117647058823529
0.33725490196078434
0.5254901960784314
0.47843137254901963
0.4196078431372549
0.5333333333333333
0.4745098039215686
0.40784313725490196
0.49411764705882355
0.4196078431372549
0.3333333333333333
0.44313725490196076
0.3568627450980392
0.2627450980392157
0.4235294117647059
0.35294117647058826
0.2627450980392157
0.4235294117647059
0.34509803921568627
0.24313725490196078
0.43137254901960786
0.34509803921568627
0.23921568627450981
0.43529411764705883
0.36470588235294116
0.27450980392156865
0.47058823529411764
0.40784313725490196
0.32941176470588235
0.42745098039215684
0.3607843137254902
0.29411764705882354
0.44313725490196076
0.3764705882352941
0.3254901960784314
0.3215686274509804
0.2823529411764706
0.24313725490196078
0.12549019607843137
0.11372549019607843
0.09019607843137255
0.054901960784313725
0.054901960784313725
0.047058823529411764
0.09411764705882353
0.09019607843137255
0.07450980392156863
0.06666666666666667
0.054901960784313725
0.03137254901960784
0.06274509803921569
0.043137254901960784
0.01568627450980392
0.18823529411764706
0.16470588235294117
0.11764705882352941
0.1843137254901961
0.16470588235294117
0.12156862745098039
0.1411764705882353
0.13333333333333333
0.09411764705882353
0.5725490196078431
0.5176470588235295
0.44313725490196076
0.6549019607843137
0.6
0.5333333333333333
0.6352941176470588
0.5764705882352941
0.5254901960784314
0.5882352941176471
0.5137254901960784
0.4470588235294118
0.596078431372549
0.5137254901960784
0.4235294117647059
0.596078431372549
0.5176470588235295
0.41568627450980394
0.611764705882353
0.5333333333333333
0.4235294117647059
0.5647058823529412
0.47843137254901963
0.3686274509803922
0.5215686274509804
0.42745098039215684
0.3215686274509804
0.5372549019607843
0.4549019607843137
0.33725490196078434
0.5098039215686274
0.4392156862745098
0.33725490196078434
0.49019607843137253
0.4235294117647059
0.34901960784313724
0.5294117647058824
0.4666666666666667
0.4
0.4666666666666667
0.4
0.3254901960784314
0.5137254901960784
0.43137254901960786
0.34509803921568627
0.5803921568627451
0.49019607843137253
0.4
0.5098039215686274
0.42745098039215684
0.3333333333333333
0.4627450980392157
0.3843137254901961
0.26666666666666666
0.4392156862745098
0.3607843137254902
0.23529411764705882
0.4823529411764706
0.4
0.2980392156862745
0.5372549019607843
0.4627450980392157
0.3843137254901961
0.5215686274509804
0.45098039215686275
0.3803921568627451
0.4980392156862745
0.42745098039215684
0.3568627450980392
0.6549019607843137
0.5803921568627451
0.5098039215686274
0.5372549019607843
0.4823529411764706
0.4392156862745098
0.1568627450980392
0.14901960784313725
0.13725490196078433
0.0392156862745098
0.047058823529411764
0.027450980392156862
0.047058823529411764
0.047058823529411764
0.027450980392156862
0.06274509803921569
0.043137254901960784
0.027450980392156862
0.07058823529411765
0.058823529411764705
0.03529411764705882
0.09019607843137255
0.07450980392156863
0.054901960784313725
0.1411764705882353
0.12941176470588237
0.10588235294117647
0.5411764705882353
0.4666666666666667
0.37254901960784315
0.5882352941176471
0.5137254901960784
0.43137254901960786
0.596078431372549
0.5176470588235295
0.4470588235294118
0.615686274509804
0.5294117647058824
0.4470588235294118
0.6313725490196078
0.5372549019607843
0.44313725490196076
0.6196078431372549
0.5333333333333333
0.42745098039215684
0.596078431372549
0.5058823529411764
0.39215686274509803
0.5372549019607843
0.44313725490196076
0.3333333333333333
0.5176470588235295
0.4235294117647059
0.3137254901960784
0.5450980392156862
0.4627450980392157
0.34509803921568627
0.49411764705882355
0.4235294117647059
0.3254901960784314
0.5686274509803921
0.4980392156862745
0.4235294117647059
0.5450980392156862
0.4666666666666667
0.3843137254901961
0.44313725490196076
0.36470588235294116
0.28627450980392155
0.611764705882353
0.5294117647058824
0.44313725490196076
0.6666666666666666
0.5843137254901961
0.49411764705882355
0.5333333333333333
0.44313725490196076
0.3411764705882353
0.5215686274509804
0.4392156862745098
0.3176470588235294
0.5254901960784314
0.45098039215686275
0.3176470588235294
0.5803921568627451
0.49019607843137253
0.3803921568627451
0.5137254901960784
0.4235294117647059
0.3411764705882353
0.47843137254901963
0.39215686274509803
0.3137254901960784
0.49019607843137253
0.403921568627451
0.3137254901960784
0.6392156862745098
0.5411764705882353
0.4470588235294118
0.7254901960784313
0.6431372549019608
0.5686274509803921
0.5058823529411764
0.4823529411764706
0.4470588235294118
0.047058823529411764
0.050980392156862744
0.027450980392156862
0.01568627450980392
0.0196078431372549
0.0
0.058823529411764705
0.03529411764705882
0.027450980392156862
0.0392156862745098
0.0196078431372549
0.011764705882352941
0.050980392156862744
0.03137254901960784
0.0196078431372549
0.12549019607843137
0.09803921568627451
0.08235294117647059
0.5490196078431373
0.4549019607843137
0.37254901960784315
0.5254901960784314
0.44313725490196076
0.3607843137254902
0.6705882352941176
0.6
0.5137254901960784
0.6352941176470588
0.5411764705882353
0.45098039215686275
0.5882352941176471
0.4823529411764706
0.38823529411764707
0.615686274509804
0.5137254901960784
0.41568627450980394
0.5843137254901961
0.47843137254901963
0.3803921568627451
0.6
0.5098039215686274
0.41568627450980394
0.5686274509803921
0.5019607843137255
0.4235294117647059
0.5490196078431373
0.4823529411764706
0.403921568627451
0.5215686274509804
0.4588235294117647
0.3803921568627451
0.5764705882352941
0.5098039215686274
0.4392156862745098
0.615686274509804
0.5294117647058824
0.4666666666666667
0.5176470588235295
0.42745098039215684
0.3568627450980392
0.5647058823529412
0.47843137254901963
0.39215686274509803
0.615686274509804
0.5294117647058824
0.43529411764705883
0.5843137254901961
0.49411764705882355
0.39215686274509803
0.611764705882353
0.5176470588235295
0.4117647058823529
0.5843137254901961
0.49411764705882355
0.38823529411764707
0.6
0.5058823529411764
0.4
0.5607843137254902
0.4745098039215686
0.3686274509803922
0.5098039215686274
0.4117647058823529
0.3176470588235294
0.4823529411764706
0.3803921568627451
0.2980392156862745
0.6509803921568628
0.5647058823529412
0.47843137254901963
0.6862745098039216
0.6274509803921569
0.5176470588235295
0.6823529411764706
0.6431372549019608
0.5450980392156862
0.4666666666666667
0.4470588235294118
0.403921568627451
0.08627450980392157
0.0784313725490196
0.06274509803921569
0.06666666666666667
0.050980392156862744
0.03529411764705882
0.08627450980392157
0.07058823529411765
0.043137254901960784
0.10980392156862745
0.09411764705882353
0.06274509803921569
0.10980392156862745
0.09411764705882353
0.06274509803921569
0.4823529411764706
0.38823529411764707
0.3058823529411765
0.5176470588235295
0.43529411764705883
0.35294117647058826
0.6235294117647059
0.5529411764705883
0.4666666666666667
0.5647058823529412
0.4745098039215686
0.3803921568627451
0.5215686274509804
0.4196078431372549
0.3215686274509804
0.5843137254901961
0.4823529411764706
0.3843137254901961
0.6
0.4980392156862745
0.4
0.611764705882353
0.5254901960784314
0.43529411764705883
0.596078431372549
0.5294117647058824
0.4549019607843137
0.5764705882352941
0.5098039215686274
0.43529411764705883
0.5529411764705883
0.48627450980392156
0.4117647058823529
0.6078431372549019
0.5372549019607843
0.4627450980392157
0.6470588235294118
0.5568627450980392
0.49411764705882355
0.5882352941176471
0.4980392156862745
0.42745098039215684
0.5568627450980392
0.4666666666666667
0.3843137254901961
0.596078431372549
0.5098039215686274
0.4196078431372549
0.6431372549019608
0.5490196078431373
0.4549019607843137
0.6392156862745098
0.5490196078431373
0.45098039215686275
0.6196078431372549
0.5254901960784314
0.43137254901960786
0.6196078431372549
0.5294117647058824
0.43529411764705883
0.5882352941176471
0.5058823529411764
0.403921568627451
0.5490196078431373
0.4588235294117647
0.36470588235294116
0.5254901960784314
0.42745098039215684
0.3411764705882353
0.6627450980392157
0.5882352941176471
0.5058823529411764
0.7137254901960784
0.6549019607843137
0.5568627450980392
0.7254901960784313
0.6627450980392157
0.5647058823529412
0.7372549019607844
0.6823529411764706
0.6352941176470588
0.32941176470588235
0.2901960784313726
0.27450980392156865
0.0784313725490196
0.058823529411764705
0.0392156862745098
0.12941176470588237
0.11372549019607843
0.0784313725490196
0.16470588235294117
0.14901960784313725
0.11372549019607843
0.11764705882352941
0.10196078431372549
0.06666666666666667
