32 32 3
0.23529411764705882
0.35294117647058826
0.5254901960784314
0.2627450980392157
0.34509803921568627
0.5215686274509804
0.27450980392156865
0.34901960784313724
0.5137254901960784
0.25098039215686274
0.33725490196078434
0.5215686274509804
0.20392156862745098
0.3215686274509804
0.5254901960784314
0.1607843137254902
0.3137254901960784
0.5215686274509804
0.1568627450980392
0.3254901960784314
0.5333333333333333
0.17647058823529413
0.34901960784313724
0.5647058823529412
0.19215686274509805
0.3568627450980392
0.5882352941176471
0.17254901960784313
0.32941176470588235
0.5607843137254902
0.13333333333333333
0.28627450980392155
0.5137254901960784
0.12156862745098039
0.26666666666666666
0.48627450980392156
0.1607843137254902
0.29411764705882354
0.5058823529411764
0.2235294117647059
0.3333333333333333
0.5294117647058824
0.2980392156862745
0.36470588235294116
0.5294117647058824
0.3803921568627451
0.4
0.5294117647058824
0.4588235294117647
0.45098039215686275
0.5490196078431373
0.3411764705882353
0.3843137254901961
0.5176470588235295
0.2901960784313726
0.396078431372549
0.5647058823529412
0.2196078431372549
0.3607843137254902
0.5490196078431373
0.15294117647058825
0.30196078431372547
0.5019607843137255
0.15294117647058825
0.29411764705882354
0.5098039215686274
0.17254901960784313
0.3058823529411765
0.5176470588235295
0.20392156862745098
0.3333333333333333
0.5294117647058824
0.21176470588235294
0.35294117647058826
0.5372549019607843
0.20392156862745098
0.34901960784313724
0.5450980392156862
0.21568627450980393
0.3607843137254902
0.5647058823529412
0.23921568627450981
0.38823529411764707
0.592156862745098
0.23529411764705882
0.3843137254901961
0.592156862745098
0.20784313725490197
0.36470588235294116
0.5803921568627451
0.17254901960784313
0.32941176470588235
0.5568627450980392
0.1411764705882353
0.3176470588235294
0.5450980392156862
0.2235294117647059
0.3254901960784314
0.4823529411764706
0.3215686274509804
0.3568627450980392
0.47843137254901963
0.48627450980392156
0.4745098039215686
0.5372549019607843
0.4392156862745098
0.4470588235294118
0.5098039215686274
0.3176470588235294
0.3764705882352941
0.48627450980392156
0.24705882352941178
0.3333333333333333
0.49411764705882355
0.23529411764705882
0.3176470588235294
0.5058823529411764
0.20784313725490197
0.29411764705882354
0.47843137254901963
0.16862745098039217
0.25882352941176473
0.42745098039215684
0.1568627450980392
0.23529411764705882
0.396078431372549
0.1803921568627451
0.23921568627450981
0.3843137254901961
0.22745098039215686
0.2549019607843137
0.37254901960784315
0.29411764705882354
0.28627450980392155
0.3764705882352941
0.3607843137254902
0.3568627450980392
0.45098039215686275
0.47843137254901963
0.4470588235294118
0.5215686274509804
0.5882352941176471
0.5058823529411764
0.5490196078431373
0.5764705882352941
0.47843137254901963
0.5372549019607843
0.4117647058823529
0.4117647058823529
0.5372549019607843
0.2980392156862745
0.3843137254901961
0.5686274509803921
0.2235294117647059
0.34901960784313724
0.5568627450980392
0.15294117647058825
0.28627450980392155
0.5137254901960784
0.1450980392156863
0.27450980392156865
0.5176470588235295
0.1607843137254902
0.2823529411764706
0.5254901960784314
0.18823529411764706
0.3058823529411765
0.5333333333333333
0.20784313725490197
0.3333333333333333
0.5568627450980392
0.2196078431372549
0.35294117647058826
0.5882352941176471
0.24313725490196078
0.3764705882352941
0.6078431372549019
0.25098039215686274
0.3843137254901961
0.6078431372549019
0.22745098039215686
0.3686274509803922
0.592156862745098
0.18823529411764706
0.32941176470588235
0.5725490196078431
0.16470588235294117
0.3058823529411765
0.5607843137254902
0.15294117647058825
0.30980392156862746
0.5647058823529412
0.20784313725490197
0.30980392156862746
0.49019607843137253
0.24705882352941178
0.27058823529411763
0.396078431372549
0.49019607843137253
0.4196078431372549
0.4666666666666667
0.5843137254901961
0.4823529411764706
0.5137254901960784
0.5647058823529412
0.48627450980392156
0.5372549019607843
0.5019607843137255
0.4392156862745098
0.48627450980392156
0.4588235294117647
0.37254901960784315
0.38823529411764707
0.42745098039215684
0.30196078431372547
0.2980392156862745
0.403921568627451
0.25098039215686274
0.23529411764705882
0.4117647058823529
0.24705882352941178
0.2196078431372549
0.4470588235294118
0.2627450980392157
0.2235294117647059
0.48627450980392156
0.29411764705882354
0.24313725490196078
0.5411764705882353
0.3686274509803922
0.3333333333333333
0.6078431372549019
0.47843137254901963
0.48627450980392156
0.6352941176470588
0.5215686274509804
0.5529411764705883
0.611764705882353
0.48627450980392156
0.5058823529411764
0.596078431372549
0.4980392156862745
0.5372549019607843
0.42745098039215684
0.4392156862745098
0.5607843137254902
0.2980392156862745
0.396078431372549
0.5764705882352941
0.2196078431372549
0.34901960784313724
0.5490196078431373
0.14901960784313725
0.2901960784313726
0.5137254901960784
0.1411764705882353
0.2823529411764706
0.5215686274509804
0.1607843137254902
0.2980392156862745
0.5294117647058824
0.1843137254901961
0.3176470588235294
0.5333333333333333
0.20392156862745098
0.34509803921568627
0.5686274509803921
0.22745098039215686
0.37254901960784315
0.6039215686274509
0.23921568627450981
0.38823529411764707
0.6039215686274509
0.23921568627450981
0.3843137254901961
0.592156862745098
0.2196078431372549
0.3607843137254902
0.5686274509803921
0.1803921568627451
0.3215686274509804
0.5411764705882353
0.1568627450980392
0.2980392156862745
0.5294117647058824
0.13725490196078433
0.2901960784313726
0.5254901960784314
0.23921568627450981
0.34509803921568627
0.5411764705882353
0.2196078431372549
0.27058823529411763
0.4117647058823529
0.48627450980392156
0.4235294117647059
0.49019607843137253
0.5882352941176471
0.4627450980392157
0.4980392156862745
0.596078431372549
0.47058823529411764
0.4980392156862745
0.6
0.4745098039215686
0.4745098039215686
0.5843137254901961
0.4392156862745098
0.4
0.5647058823529412
0.3843137254901961
0.3137254901960784
0.5607843137254902
0.3568627450980392
0.2784313725490196
0.5725490196078431
0.36470588235294116
0.2823529411764706
0.5764705882352941
0.37254901960784315
0.28627450980392155
0.5725490196078431
0.3686274509803922
0.28627450980392155
0.5803921568627451
0.3843137254901961
0.30980392156862746
0.6039215686274509
0.4235294117647059
0.3803921568627451
0.6078431372549019
0.4627450980392157
0.47058823529411764
0.6078431372549019
0.48627450980392156
0.5294117647058824
0.6078431372549019
0.5215686274509804
0.5686274509803921
0.43137254901960786
0.44313725490196076
0.5686274509803921
0.30196078431372547
0.396078431372549
0.5803921568627451
0.2235294117647059
0.3411764705882353
0.5529411764705883
0.16470588235294117
0.3058823529411765
0.5372549019607843
0.1607843137254902
0.30980392156862746
0.5411764705882353
0.16862745098039217
0.3215686274509804
0.5411764705882353
0.18823529411764706
0.3411764705882353
0.5529411764705883
0.21176470588235294
0.36470588235294116
0.5843137254901961
0.23137254901960785
0.3803921568627451
0.6
0.23921568627450981
0.3843137254901961
0.5882352941176471
0.23529411764705882
0.3686274509803922
0.5764705882352941
0.21568627450980393
0.34509803921568627
0.5647058823529412
0.17647058823529413
0.3176470588235294
0.5490196078431373
0.13333333333333333
0.2823529411764706
0.5215686274509804
0.11372549019607843
0.25098039215686274
0.4980392156862745
0.2235294117647059
0.3568627450980392
0.5411764705882353
0.2196078431372549
0.2980392156862745
0.43137254901960786
0.45098039215686275
0.4117647058823529
0.4745098039215686
0.5803921568627451
0.4745098039215686
0.5019607843137255
0.6
0.4627450980392157
0.4627450980392157
0.5803921568627451
0.41568627450980394
0.3803921568627451
0.5803921568627451
0.3843137254901961
0.3137254901960784
0.6
0.4
0.3176470588235294
0.6274509803921569
0.43137254901960786
0.3568627450980392
0.6352941176470588
0.4392156862745098
0.36470588235294116
0.6274509803921569
0.42745098039215684
0.3568627450980392
0.6274509803921569
0.43137254901960786
0.3607843137254902
0.6235294117647059
0.42745098039215684
0.3607843137254902
0.596078431372549
0.4
0.34509803921568627
0.592156862745098
0.41568627450980394
0.39215686274509803
0.6039215686274509
0.4588235294117647
0.47058823529411764
0.6039215686274509
0.5137254901960784
0.5490196078431373
0.4470588235294118
0.44313725490196076
0.5529411764705883
0.30980392156862746
0.38823529411764707
0.5529411764705883
0.2196078431372549
0.33725490196078434
0.5372549019607843
0.15294117647058825
0.2980392156862745
0.5176470588235295
0.1450980392156863
0.29411764705882354
0.5215686274509804
0.15294117647058825
0.3058823529411765
0.5294117647058824
0.1843137254901961
0.33725490196078434
0.5607843137254902
0.2196078431372549
0.37254901960784315
0.6
0.23529411764705882
0.3843137254901961
0.6078431372549019
0.23921568627450981
0.3803921568627451
0.5882352941176471
0.23137254901960785
0.36470588235294116
0.5725490196078431
0.20392156862745098
0.3333333333333333
0.5529411764705883
0.16470588235294117
0.30980392156862746
0.5411764705882353
0.12941176470588237
0.2823529411764706
0.5215686274509804
0.11764705882352941
0.25098039215686274
0.5058823529411764
0.23529411764705882
0.3607843137254902
0.5490196078431373
0.23921568627450981
0.30980392156862746
0.4470588235294118
0.4745098039215686
0.4392156862745098
0.4980392156862745
0.596078431372549
0.5019607843137255
0.5137254901960784
0.611764705882353
0.47058823529411764
0.4470588235294118
0.6
0.4196078431372549
0.3607843137254902
0.611764705882353
0.4117647058823529
0.33725490196078434
0.6627450980392157
0.4745098039215686
0.4196078431372549
0.7098039215686275
0.5411764705882353
0.5058823529411764
0.7019607843137254
0.5333333333333333
0.5019607843137255
0.6823529411764706
0.5137254901960784
0.4823529411764706
0.7137254901960784
0.5490196078431373
0.5176470588235295
0.6941176470588235
0.5254901960784314
0.49019607843137253
0.611764705882353
0.4235294117647059
0.3803921568627451
0.6
0.41568627450980394
0.3764705882352941
0.615686274509804
0.4549019607843137
0.43529411764705883
0.6705882352941176
0.5764705882352941
0.6
0.5294117647058824
0.5098039215686274
0.5882352941176471
0.34901960784313724
0.40784313725490196
0.5529411764705883
0.22745098039215686
0.3411764705882353
0.5254901960784314
0.1450980392156863
0.2901960784313726
0.49411764705882355
0.11764705882352941
0.27058823529411763
0.49019607843137253
0.1411764705882353
0.29411764705882354
0.5176470588235295
0.2
0.35294117647058826
0.5843137254901961
0.23529411764705882
0.3843137254901961
0.6196078431372549
0.23137254901960785
0.3843137254901961
0.6039215686274509
0.23921568627450981
0.3843137254901961
0.5882352941176471
0.24313725490196078
0.3764705882352941
0.5843137254901961
0.2196078431372549
0.34901960784313724
0.5686274509803921
0.19215686274509805
0.33725490196078434
0.5686274509803921
0.17647058823529413
0.32941176470588235
0.5686274509803921
0.16862745098039217
0.30196078431372547
0.5568627450980392
0.24313725490196078
0.34901960784313724
0.5372549019607843
0.26666666666666666
0.3215686274509804
0.4588235294117647
0.5176470588235295
0.47058823529411764
0.5333333333333333
0.6509803921568628
0.5490196078431373
0.5568627450980392
0.6313725490196078
0.48627450980392156
0.45098039215686275
0.6078431372549019
0.43137254901960786
0.3764705882352941
0.615686274509804
0.44313725490196076
0.396078431372549
0.6352941176470588
0.49411764705882355
0.47843137254901963
0.7019607843137254
0.5764705882352941
0.5803921568627451
0.7607843137254902
0.6313725490196078
0.6392156862745098
0.7568627450980392
0.6274509803921569
0.6352941176470588
0.7372549019607844
0.615686274509804
0.6235294117647059
0.6274509803921569
0.5019607843137255
0.5098039215686274
0.6
0.4470588235294118
0.42745098039215684
0.6274509803921569
0.4549019607843137
0.4196078431372549
0.6196078431372549
0.4588235294117647
0.4235294117647059
0.6352941176470588
0.5372549019607843
0.5490196078431373
0.49411764705882355
0.4627450980392157
0.5294117647058824
0.33725490196078434
0.3843137254901961
0.5215686274509804
0.2235294117647059
0.3411764705882353
0.5254901960784314
0.15294117647058825
0.3058823529411765
0.5137254901960784
0.13725490196078433
0.2901960784313726
0.5058823529411764
0.16862745098039217
0.3215686274509804
0.5490196078431373
0.21568627450980393
0.3686274509803922
0.6078431372549019
0.23137254901960785
0.3803921568627451
0.615686274509804
0.21568627450980393
0.3607843137254902
0.5803921568627451
0.21568627450980393
0.35294117647058826
0.5607843137254902
0.2235294117647059
0.3568627450980392
0.5647058823529412
0.2235294117647059
0.35294117647058826
0.5764705882352941
0.20784313725490197
0.35294117647058826
0.5803921568627451
0.19215686274509805
0.3411764705882353
0.5803921568627451
0.17254901960784313
0.3137254901960784
0.5607843137254902
0.2196078431372549
0.33725490196078434
0.5098039215686274
0.20392156862745098
0.2784313725490196
0.40784313725490196
0.33725490196078434
0.3215686274509804
0.3843137254901961
0.5529411764705883
0.45098039215686275
0.4549019607843137
0.615686274509804
0.4470588235294118
0.403921568627451
0.6313725490196078
0.4392156862745098
0.3803921568627451
0.6078431372549019
0.4470588235294118
0.4117647058823529
0.5137254901960784
0.4
0.396078431372549
0.5333333333333333
0.4392156862745098
0.4470588235294118
0.6941176470588235
0.5764705882352941
0.5803921568627451
0.7490196078431373
0.611764705882353
0.615686274509804
0.6470588235294118
0.5450980392156862
0.5450980392156862
0.48627450980392156
0.39215686274509803
0.4117647058823529
0.5529411764705883
0.4392156862745098
0.44313725490196076
0.6549019607843137
0.4980392156862745
0.4666666666666667
0.6196078431372549
0.43529411764705883
0.3764705882352941
0.596078431372549
0.4588235294117647
0.43137254901960786
0.47058823529411764
0.4117647058823529
0.4745098039215686
0.3254901960784314
0.36470588235294116
0.5137254901960784
0.2235294117647059
0.33725490196078434
0.5372549019607843
0.18823529411764706
0.34509803921568627
0.5725490196078431
0.21176470588235294
0.36470588235294116
0.5882352941176471
0.23921568627450981
0.38823529411764707
0.611764705882353
0.23529411764705882
0.39215686274509803
0.6235294117647059
0.2235294117647059
0.37254901960784315
0.592156862745098
0.2196078431372549
0.35294117647058826
0.5568627450980392
0.21568627450980393
0.34509803921568627
0.5568627450980392
0.2235294117647059
0.35294117647058826
0.5725490196078431
0.2196078431372549
0.35294117647058826
0.5764705882352941
0.20784313725490197
0.34901960784313724
0.5764705882352941
0.2
0.34509803921568627
0.5647058823529412
0.18823529411764706
0.34509803921568627
0.5725490196078431
0.24313725490196078
0.36470588235294116
0.5607843137254902
0.24313725490196078
0.33725490196078434
0.5058823529411764
0.26666666666666666
0.27058823529411763
0.3764705882352941
0.43529411764705883
0.32941176470588235
0.34509803921568627
0.5372549019607843
0.35294117647058826
0.30196078431372547
0.5725490196078431
0.3686274509803922
0.30196078431372547
0.6313725490196078
0.4588235294117647
0.4117647058823529
0.6549019607843137
0.5176470588235295
0.49019607843137253
0.6431372549019608
0.5137254901960784
0.48627450980392156
0.6705882352941176
0.5098039215686274
0.49019607843137253
0.6862745098039216
0.5019607843137255
0.48627450980392156
0.6705882352941176
0.5176470588235295
0.49411764705882355
0.6862745098039216
0.5411764705882353
0.5215686274509804
0.6666666666666666
0.5176470588235295
0.49019607843137253
0.6
0.4235294117647059
0.37254901960784315
0.5764705882352941
0.3686274509803922
0.29411764705882354
0.5725490196078431
0.39215686274509803
0.32941176470588235
0.4588235294117647
0.36470588235294116
0.4
0.3333333333333333
0.3568627450980392
0.4980392156862745
0.24313725490196078
0.3568627450980392
0.5568627450980392
0.2235294117647059
0.37254901960784315
0.596078431372549
0.23921568627450981
0.39215686274509803
0.615686274509804
0.26666666666666666
0.41568627450980394
0.6392156862745098
0.24313725490196078
0.396078431372549
0.6196078431372549
0.21568627450980393
0.3568627450980392
0.5725490196078431
0.21568627450980393
0.34509803921568627
0.5490196078431373
0.22745098039215686
0.3568627450980392
0.5647058823529412
0.24313725490196078
0.37254901960784315
0.592156862745098
0.24313725490196078
0.3764705882352941
0.6
0.22745098039215686
0.36470588235294116
0.592156862745098
0.20784313725490197
0.34901960784313724
0.5686274509803921
0.17647058823529413
0.3333333333333333
0.5607843137254902
0.23921568627450981
0.3686274509803922
0.5647058823529412
0.23529411764705882
0.3607843137254902
0.5490196078431373
0.2196078431372549
0.26666666666666666
0.4
0.33725490196078434
0.25882352941176473
0.2901960784313726
0.45098039215686275
0.2823529411764706
0.24313725490196078
0.5098039215686274
0.3176470588235294
0.2627450980392157
0.5490196078431373
0.3843137254901961
0.34901960784313724
0.6235294117647059
0.49411764705882355
0.4666666666666667
0.7058823529411765
0.5764705882352941
0.5490196078431373
0.7176470588235294
0.5490196078431373
0.5411764705882353
0.6862745098039216
0.4980392156862745
0.5019607843137255
0.7019607843137254
0.5490196078431373
0.5450980392156862
0.7176470588235294
0.5843137254901961
0.5764705882352941
0.6352941176470588
0.49411764705882355
0.4745098039215686
0.5725490196078431
0.4
0.3568627450980392
0.5450980392156862
0.34509803921568627
0.27450980392156865
0.5019607843137255
0.34901960784313724
0.30980392156862746
0.396078431372549
0.32941176470588235
0.38823529411764707
0.30196078431372547
0.34901960784313724
0.5058823529411764
0.25098039215686274
0.3764705882352941
0.5843137254901961
0.24313725490196078
0.3843137254901961
0.6
0.2549019607843137
0.403921568627451
0.6274509803921569
0.26666666666666666
0.4196078431372549
0.6431372549019608
0.24705882352941178
0.38823529411764707
0.6039215686274509
0.23137254901960785
0.36470588235294116
0.5686274509803921
0.24313725490196078
0.37254901960784315
0.5764705882352941
0.2627450980392157
0.39215686274509803
0.6039215686274509
0.2823529411764706
0.40784313725490196
0.6274509803921569
0.27450980392156865
0.40784313725490196
0.6313725490196078
0.2549019607843137
0.39215686274509803
0.6196078431372549
0.22745098039215686
0.3686274509803922
0.592156862745098
0.19215686274509805
0.34901960784313724
0.5764705882352941
0.23137254901960785
0.3686274509803922
0.5490196078431373
0.25098039215686274
0.4
0.5803921568627451
0.2784313725490196
0.35294117647058826
0.4980392156862745
0.3764705882352941
0.3215686274509804
0.37254901960784315
0.4549019607843137
0.30980392156862746
0.2901960784313726
0.5215686274509804
0.3568627450980392
0.3176470588235294
0.5843137254901961
0.4470588235294118
0.4235294117647059
0.6392156862745098
0.5333333333333333
0.5254901960784314
0.6941176470588235
0.596078431372549
0.6
0.7098039215686275
0.5803921568627451
0.6039215686274509
0.6745098039215687
0.5254901960784314
0.5686274509803921
0.6784313725490196
0.5686274509803921
0.6078431372549019
0.6745098039215687
0.592156862745098
0.6196078431372549
0.6352941176470588
0.5294117647058824
0.5333333333333333
0.596078431372549
0.4470588235294118
0.41568627450980394
0.5490196078431373
0.3607843137254902
0.3058823529411765
0.5058823529411764
0.3411764705882353
0.29411764705882354
0.396078431372549
0.2901960784313726
0.3137254901960784
0.3254901960784314
0.29411764705882354
0.3843137254901961
0.29411764705882354
0.3215686274509804
0.45098039215686275
0.2784313725490196
0.34509803921568627
0.5137254901960784
0.28627450980392155
0.4
0.6078431372549019
0.2627450980392157
0.403921568627451
0.6274509803921569
0.23921568627450981
0.3764705882352941
0.5882352941176471
0.24313725490196078
0.37254901960784315
0.5725490196078431
0.26666666666666666
0.396078431372549
0.6
0.2980392156862745
0.43137254901960786
0.6431372549019608
0.3137254901960784
0.4470588235294118
0.6666666666666666
0.30196078431372547
0.4392156862745098
0.6627450980392157
0.27450980392156865
0.4117647058823529
0.6392156862745098
0.24313725490196078
0.38823529411764707
0.6078431372549019
0.20784313725490197
0.36470588235294116
0.592156862745098
0.24705882352941178
0.3764705882352941
0.5568627450980392
0.2549019607843137
0.396078431372549
0.5843137254901961
0.2549019607843137
0.34509803921568627
0.5137254901960784
0.33725490196078434
0.3176470588235294
0.4
0.4745098039215686
0.35294117647058826
0.35294117647058826
0.5647058823529412
0.4196078431372549
0.38823529411764707
0.6078431372549019
0.4823529411764706
0.4549019607843137
0.6274509803921569
0.5294117647058824
0.5215686274509804
0.6313725490196078
0.5490196078431373
0.5607843137254902
0.6470588235294118
0.5529411764705883
0.5843137254901961
0.6627450980392157
0.5568627450980392
0.6039215686274509
0.6509803921568628
0.5490196078431373
0.5882352941176471
0.6313725490196078
0.5372549019607843
0.5411764705882353
0.6352941176470588
0.5137254901960784
0.4823529411764706
0.6
0.4392156862745098
0.39215686274509803
0.5529411764705883
0.36470588235294116
0.3215686274509804
0.47843137254901963
0.2980392156862745
0.23529411764705882
0.42745098039215684
0.25098039215686274
0.2
0.396078431372549
0.2235294117647059
0.19215686274509805
0.4
0.23529411764705882
0.2196078431372549
0.3803921568627451
0.25882352941176473
0.2901960784313726
0.34509803921568627
0.3176470588235294
0.4235294117647059
0.2784313725490196
0.3411764705882353
0.5058823529411764
0.25098039215686274
0.35294117647058826
0.5372549019607843
0.2549019607843137
0.37254901960784315
0.5686274509803921
0.2549019607843137
0.39215686274509803
0.6039215686274509
0.26666666666666666
0.4117647058823529
0.6352941176470588
0.2823529411764706
0.43137254901960786
0.6549019607843137
0.28627450980392155
0.42745098039215684
0.6470588235294118
0.2627450980392157
0.403921568627451
0.6313725490196078
0.24313725490196078
0.3843137254901961
0.6039215686274509
0.18823529411764706
0.34509803921568627
0.5725490196078431
0.27058823529411763
0.396078431372549
0.5843137254901961
0.26666666666666666
0.42745098039215684
0.6196078431372549
0.2784313725490196
0.4117647058823529
0.5882352941176471
0.2784313725490196
0.3215686274509804
0.44313725490196076
0.4
0.33725490196078434
0.3764705882352941
0.5254901960784314
0.4235294117647059
0.4196078431372549
0.6
0.49411764705882355
0.47843137254901963
0.6352941176470588
0.5411764705882353
0.5254901960784314
0.6431372549019608
0.5529411764705883
0.5450980392156862
0.6431372549019608
0.5450980392156862
0.5450980392156862
0.6470588235294118
0.5372549019607843
0.5450980392156862
0.6274509803921569
0.5098039215686274
0.5058823529411764
0.5882352941176471
0.4549019607843137
0.4196078431372549
0.5725490196078431
0.40784313725490196
0.34901960784313724
0.5647058823529412
0.3607843137254902
0.28627450980392155
0.5372549019607843
0.3137254901960784
0.23137254901960785
0.47843137254901963
0.25882352941176473
0.16470588235294117
0.43529411764705883
0.21176470588235294
0.12549019607843137
0.41568627450980394
0.19215686274509805
0.11764705882352941
0.42745098039215684
0.20784313725490197
0.1450980392156863
0.4235294117647059
0.22745098039215686
0.18823529411764706
0.41568627450980394
0.24705882352941178
0.2235294117647059
0.3803921568627451
0.2627450980392157
0.2823529411764706
0.32941176470588235
0.2980392156862745
0.3803921568627451
0.2823529411764706
0.3411764705882353
0.49019607843137253
0.23529411764705882
0.3607843137254902
0.5647058823529412
0.21568627450980393
0.36470588235294116
0.592156862745098
0.22745098039215686
0.3764705882352941
0.6039215686274509
0.25098039215686274
0.38823529411764707
0.6078431372549019
0.23137254901960785
0.3686274509803922
0.596078431372549
0.21568627450980393
0.3607843137254902
0.5803921568627451
0.1607843137254902
0.3176470588235294
0.5450980392156862
0.2901960784313726
0.4235294117647059
0.6235294117647059
0.27058823529411763
0.4392156862745098
0.6392156862745098
0.29411764705882354
0.42745098039215684
0.611764705882353
0.28627450980392155
0.32941176470588235
0.45098039215686275
0.40784313725490196
0.34509803921568627
0.3843137254901961
0.5529411764705883
0.4549019607843137
0.4549019607843137
0.6313725490196078
0.5254901960784314
0.5137254901960784
0.6745098039215687
0.5529411764705883
0.5333333333333333
0.6901960784313725
0.5568627450980392
0.5333333333333333
0.6784313725490196
0.5372549019607843
0.5098039215686274
0.6705882352941176
0.5215686274509804
0.48627450980392156
0.6784313725490196
0.5254901960784314
0.47843137254901963
0.6627450980392157
0.5019607843137255
0.44313725490196076
0.6274509803921569
0.43137254901960786
0.3686274509803922
0.5843137254901961
0.35294117647058826
0.26666666666666666
0.5333333333333333
0.2823529411764706
0.16862745098039217
0.49411764705882355
0.24705882352941178
0.13333333333333333
0.45098039215686275
0.20784313725490197
0.09803921568627451
0.4549019607843137
0.20784313725490197
0.10980392156862745
0.47843137254901963
0.23529411764705882
0.1450980392156863
0.4823529411764706
0.25098039215686274
0.1607843137254902
0.49019607843137253
0.2549019607843137
0.1607843137254902
0.4588235294117647
0.25098039215686274
0.1803921568627451
0.39215686274509803
0.24705882352941178
0.23529411764705882
0.3215686274509804
0.2784313725490196
0.34901960784313724
0.2627450980392157
0.3254901960784314
0.47843137254901963
0.20784313725490197
0.3411764705882353
0.5490196078431373
0.18823529411764706
0.33725490196078434
0.5647058823529412
0.2196078431372549
0.3607843137254902
0.5803921568627451
0.22745098039215686
0.36470588235294116
0.592156862745098
0.2196078431372549
0.3607843137254902
0.5843137254901961
0.19607843137254902
0.35294117647058826
0.5803921568627451
0.28627450980392155
0.43529411764705883
0.6352941176470588
0.2901960784313726
0.44313725490196076
0.6549019607843137
0.29411764705882354
0.40784313725490196
0.596078431372549
0.3137254901960784
0.3176470588235294
0.41568627450980394
0.4549019607843137
0.35294117647058826
0.3568627450980392
0.5725490196078431
0.4392156862745098
0.4117647058823529
0.6352941176470588
0.5058823529411764
0.48627450980392156
0.6745098039215687
0.5254901960784314
0.5058823529411764
0.6666666666666666
0.49019607843137253
0.4627450980392157
0.6470588235294118
0.4588235294117647
0.41568627450980394
0.6509803921568628
0.4627450980392157
0.4117647058823529
0.6509803921568628
0.47058823529411764
0.40784313725490196
0.6588235294117647
0.48627450980392156
0.4196078431372549
0.6470588235294118
0.4470588235294118
0.3764705882352941
0.5882352941176471
0.35294117647058826
0.2627450980392157
0.5137254901960784
0.26666666666666666
0.14901960784313725
0.4823529411764706
0.23137254901960785
0.11372549019607843
0.4823529411764706
0.23137254901960785
0.12156862745098039
0.5137254901960784
0.26666666666666666
0.16470588235294117
0.5019607843137255
0.2549019607843137
0.1568627450980392
0.4980392156862745
0.26666666666666666
0.1568627450980392
0.4745098039215686
0.2627450980392157
0.16862745098039217
0.4549019607843137
0.25098039215686274
0.1843137254901961
0.43137254901960786
0.24313725490196078
0.2
0.3843137254901961
0.2549019607843137
0.25882352941176473
0.30980392156862746
0.2901960784313726
0.3803921568627451
0.23137254901960785
0.3254901960784314
0.5058823529411764
0.19607843137254902
0.34509803921568627
0.5764705882352941
0.23921568627450981
0.39215686274509803
0.6196078431372549
0.2901960784313726
0.43137254901960786
0.6588235294117647
0.29411764705882354
0.4392156862745098
0.6627450980392157
0.27450980392156865
0.43529411764705883
0.6627450980392157
0.2823529411764706
0.42745098039215684
0.6313725490196078
0.2901960784313726
0.42745098039215684
0.6392156862745098
0.24705882352941178
0.3764705882352941
0.5686274509803921
0.2627450980392157
0.2980392156862745
0.4196078431372549
0.44313725490196076
0.3568627450980392
0.3803921568627451
0.5882352941176471
0.43137254901960786
0.403921568627451
0.6588235294117647
0.5098039215686274
0.4823529411764706
0.6862745098039216
0.5490196078431373
0.5372549019607843
0.6666666666666666
0.5098039215686274
0.48627450980392156
0.6431372549019608
0.4627450980392157
0.4196078431372549
0.6509803921568628
0.4666666666666667
0.4196078431372549
0.6470588235294118
0.47058823529411764
0.4117647058823529
0.6235294117647059
0.4235294117647059
0.3333333333333333
0.5843137254901961
0.3568627450980392
0.24313725490196078
0.5529411764705883
0.3058823529411765
0.1843137254901961
0.5176470588235295
0.27058823529411763
0.15294117647058825
0.4980392156862745
0.23529411764705882
0.11764705882352941
0.4823529411764706
0.22745098039215686
0.11372549019607843
0.5098039215686274
0.25882352941176473
0.15294117647058825
0.5098039215686274
0.26666666666666666
0.1607843137254902
0.5137254901960784
0.27058823529411763
0.1568627450980392
0.5019607843137255
0.27450980392156865
0.16862745098039217
0.48627450980392156
0.27058823529411763
0.19215686274509805
0.47058823529411764
0.26666666666666666
0.21176470588235294
0.4392156862745098
0.2627450980392157
0.23137254901960785
0.37254901960784315
0.2823529411764706
0.3137254901960784
0.3137254901960784
0.34509803921568627
0.4823529411764706
0.2980392156862745
0.4235294117647059
0.6431372549019608
0.3137254901960784
0.4745098039215686
0.6941176470588235
0.32941176470588235
0.48627450980392156
0.7058823529411765
0.33725490196078434
0.49019607843137253
0.7254901960784313
0.2901960784313726
0.4627450980392157
0.6862745098039216
0.27450980392156865
0.4196078431372549
0.6235294117647059
0.27450980392156865
0.4117647058823529
0.6196078431372549
0.23137254901960785
0.37254901960784315
0.5686274509803921
0.22745098039215686
0.3176470588235294
0.47843137254901963
0.39215686274509803
0.3803921568627451
0.4666666666666667
0.5843137254901961
0.49411764705882355
0.5176470588235295
0.6823529411764706
0.5803921568627451
0.5882352941176471
0.7058823529411765
0.6078431372549019
0.6196078431372549
0.7098039215686275
0.596078431372549
0.596078431372549
0.6941176470588235
0.5607843137254902
0.5411764705882353
0.6666666666666666
0.5098039215686274
0.4745098039215686
0.6509803921568628
0.47843137254901963
0.4235294117647059
0.6470588235294118
0.4392156862745098
0.34901960784313724
0.615686274509804
0.3764705882352941
0.2627450980392157
0.5725490196078431
0.3176470588235294
0.19607843137254902
0.5411764705882353
0.2901960784313726
0.17254901960784313
0.5058823529411764
0.23921568627450981
0.11764705882352941
0.4980392156862745
0.23921568627450981
0.12549019607843137
0.5058823529411764
0.2549019607843137
0.1450980392156863
0.5294117647058824
0.2823529411764706
0.1843137254901961
0.5176470588235295
0.27450980392156865
0.17647058823529413
0.5215686274509804
0.28627450980392155
0.2
0.5098039215686274
0.2901960784313726
0.2196078431372549
0.4823529411764706
0.27450980392156865
0.2196078431372549
0.4549019607843137
0.2627450980392157
0.20784313725490197
0.40784313725490196
0.26666666666666666
0.24705882352941178
0.35294117647058826
0.3176470588235294
0.403921568627451
0.3411764705882353
0.41568627450980394
0.6078431372549019
0.34901960784313724
0.49019607843137253
0.7019607843137254
0.33725490196078434
0.4823529411764706
0.6980392156862745
0.3137254901960784
0.4588235294117647
0.6901960784313725
0.25098039215686274
0.41568627450980394
0.6352941176470588
0.27058823529411763
0.41568627450980394
0.615686274509804
0.27058823529411763
0.40784313725490196
0.6196078431372549
0.2549019607843137
0.40784313725490196
0.611764705882353
0.2627450980392157
0.396078431372549
0.592156862745098
0.34509803921568627
0.4
0.5372549019607843
0.5411764705882353
0.5137254901960784
0.5882352941176471
0.6901960784313725
0.6235294117647059
0.6666666666666666
0.7137254901960784
0.6431372549019608
0.6666666666666666
0.7058823529411765
0.6235294117647059
0.6313725490196078
0.7019607843137254
0.596078431372549
0.5882352941176471
0.6901960784313725
0.5450980392156862
0.5058823529411764
0.6784313725490196
0.49411764705882355
0.42745098039215684
0.6627450980392157
0.44313725490196076
0.3568627450980392
0.615686274509804
0.36470588235294116
0.2549019607843137
0.5529411764705883
0.2901960784313726
0.16862745098039217
0.5019607843137255
0.24313725490196078
0.12549019607843137
0.4980392156862745
0.23137254901960785
0.10980392156862745
0.4980392156862745
0.23529411764705882
0.12549019607843137
0.5058823529411764
0.2549019607843137
0.14901960784313725
0.5176470588235295
0.27450980392156865
0.17254901960784313
0.5137254901960784
0.27058823529411763
0.17254901960784313
0.5411764705882353
0.30980392156862746
0.21568627450980393
0.5372549019607843
0.3215686274509804
0.23137254901960785
0.49019607843137253
0.29411764705882354
0.21176470588235294
0.4392156862745098
0.25882352941176473
0.1843137254901961
0.4
0.2549019607843137
0.2196078431372549
0.3686274509803922
0.3058823529411765
0.37254901960784315
0.3333333333333333
0.396078431372549
0.5882352941176471
0.3215686274509804
0.4666666666666667
0.6980392156862745
0.3137254901960784
0.4549019607843137
0.6666666666666666
0.2784313725490196
0.4117647058823529
0.6352941176470588
0.2196078431372549
0.37254901960784315
0.5843137254901961
0.27450980392156865
0.42745098039215684
0.6313725490196078
0.28627450980392155
0.43137254901960786
0.6509803921568628
0.2823529411764706
0.44313725490196076
0.6588235294117647
0.28627450980392155
0.4392156862745098
0.6509803921568628
0.30980392156862746
0.4
0.5607843137254902
0.47058823529411764
0.4745098039215686
0.5686274509803921
0.6352941176470588
0.5803921568627451
0.6274509803921569
0.6862745098039216
0.611764705882353
0.6352941176470588
0.6862745098039216
0.6039215686274509
0.6078431372549019
0.6980392156862745
0.592156862745098
0.5725490196078431
0.7019607843137254
0.5529411764705883
0.4980392156862745
0.6705882352941176
0.47843137254901963
0.4
0.6274509803921569
0.4
0.3137254901960784
0.5686274509803921
0.3137254901960784
0.20392156862745098
0.5176470588235295
0.24313725490196078
0.12941176470588237
0.47843137254901963
0.20392156862745098
0.09803921568627451
0.5254901960784314
0.25098039215686274
0.13725490196078433
0.5137254901960784
0.25098039215686274
0.1411764705882353
0.5058823529411764
0.24705882352941178
0.1411764705882353
0.5058823529411764
0.2549019607843137
0.14901960784313725
0.4980392156862745
0.25098039215686274
0.1411764705882353
0.5058823529411764
0.27058823529411763
0.15294117647058825
0.5098039215686274
0.2901960784313726
0.17254901960784313
0.48627450980392156
0.2784313725490196
0.16470588235294117
0.4588235294117647
0.25098039215686274
0.13725490196078433
0.43137254901960786
0.23137254901960785
0.1450980392156863
0.38823529411764707
0.2549019607843137
0.25882352941176473
0.32941176470588235
0.3333333333333333
0.4745098039215686
0.29411764705882354
0.41568627450980394
0.6274509803921569
0.2784313725490196
0.4117647058823529
0.615686274509804
0.2549019607843137
0.3843137254901961
0.6039215686274509
0.23137254901960785
0.3764705882352941
0.5803921568627451
0.25882352941176473
0.43529411764705883
0.6549019607843137
0.25882352941176473
0.43137254901960786
0.6784313725490196
0.25882352941176473
0.44313725490196076
0.6784313725490196
0.27058823529411763
0.4470588235294118
0.6705882352941176
0.2823529411764706
0.40784313725490196
0.592156862745098
0.3843137254901961
0.4235294117647059
0.5372549019607843
0.5450980392156862
0.5058823529411764
0.5568627450980392
0.6431372549019608
0.5686274509803921
0.592156862745098
0.6705882352941176
0.5803921568627451
0.5882352941176471
0.6784313725490196
0.5647058823529412
0.5372549019607843
0.6666666666666666
0.5215686274509804
0.4627450980392157
0.6470588235294118
0.4666666666666667
0.39215686274509803
0.615686274509804
0.39215686274509803
0.3058823529411765
0.5607843137254902
0.3058823529411765
0.2
0.5058823529411764
0.2196078431372549
0.12156862745098039
0.47843137254901963
0.17647058823529413
0.09411764705882353
0.49019607843137253
0.21176470588235294
0.10980392156862745
0.47843137254901963
0.20392156862745098
0.09803921568627451
0.4823529411764706
0.20784313725490197
0.10196078431372549
0.5019607843137255
0.23137254901960785
0.12549019607843137
0.5058823529411764
0.23921568627450981
0.13333333333333333
0.5215686274509804
0.2627450980392157
0.1568627450980392
0.5372549019607843
0.28627450980392155
0.17647058823529413
0.5098039215686274
0.2627450980392157
0.15294117647058825
0.47058823529411764
0.23137254901960785
0.12549019607843137
0.44313725490196076
0.2196078431372549
0.12941176470588237
0.4
0.23529411764705882
0.19607843137254902
0.32941176470588235
0.3058823529411765
0.3843137254901961
0.27058823529411763
0.38823529411764707
0.5764705882352941
0.25882352941176473
0.39215686274509803
0.592156862745098
0.25882352941176473
0.39215686274509803
0.6078431372549019
0.25882352941176473
0.3843137254901961
0.5843137254901961
0.25882352941176473
0.43137254901960786
0.6509803921568628
0.25882352941176473
0.42745098039215684
0.6666666666666666
0.27058823529411763
0.43529411764705883
0.6627450980392157
0.28627450980392155
0.45098039215686275
0.6666666666666666
0.28627450980392155
0.42745098039215684
0.6196078431372549
0.32941176470588235
0.4
0.5372549019607843
0.47843137254901963
0.4666666666666667
0.5372549019607843
0.611764705882353
0.5529411764705883
0.5882352941176471
0.6509803921568628
0.5725490196078431
0.592156862745098
0.6588235294117647
0.5490196078431373
0.5372549019607843
0.6431372549019608
0.49411764705882355
0.4470588235294118
0.611764705882353
0.4196078431372549
0.34509803921568627
0.6078431372549019
0.3803921568627451
0.29411764705882354
0.5529411764705883
0.3058823529411765
0.20784313725490197
0.49019607843137253
0.2196078431372549
0.12156862745098039
0.4549019607843137
0.17254901960784313
0.08235294117647059
0.4627450980392157
0.2
0.09803921568627451
0.5098039215686274
0.2549019607843137
0.14901960784313725
0.5254901960784314
0.26666666666666666
0.16470588235294117
0.5254901960784314
0.2627450980392157
0.1607843137254902
0.5294117647058824
0.2549019607843137
0.15294117647058825
0.5450980392156862
0.2784313725490196
0.17254901960784313
0.5529411764705883
0.2980392156862745
0.18823529411764706
0.5215686274509804
0.2823529411764706
0.16862745098039217
0.4823529411764706
0.24705882352941178
0.1411764705882353
0.45098039215686275
0.2196078431372549
0.13333333333333333
0.40784313725490196
0.2196078431372549
0.17254901960784313
0.35294117647058826
0.2823529411764706
0.32941176470588235
0.3058823529411765
0.3764705882352941
0.5372549019607843
0.28627450980392155
0.41568627450980394
0.6078431372549019
0.27450980392156865
0.40784313725490196
0.6274509803921569
0.25882352941176473
0.3843137254901961
0.5803921568627451
0.27450980392156865
0.44313725490196076
0.6588235294117647
0.2901960784313726
0.44313725490196076
0.6745098039215687
0.28627450980392155
0.42745098039215684
0.6352941176470588
0.2784313725490196
0.42745098039215684
0.6274509803921569
0.27058823529411763
0.4235294117647059
0.6196078431372549
0.28627450980392155
0.39215686274509803
0.5568627450980392
0.396078431372549
0.41568627450980394
0.5176470588235295
0.5294117647058824
0.48627450980392156
0.5333333333333333
0.6
0.5333333333333333
0.5607843137254902
0.6509803921568628
0.5490196078431373
0.5607843137254902
0.6705882352941176
0.5098039215686274
0.4745098039215686
0.6196078431372549
0.40784313725490196
0.3333333333333333
0.5725490196078431
0.3411764705882353
0.2549019607843137
0.5294117647058824
0.28627450980392155
0.20392156862745098
0.47058823529411764
0.2196078431372549
0.12549019607843137
0.48627450980392156
0.23529411764705882
0.12549019607843137
0.5333333333333333
0.29411764705882354
0.19215686274509805
0.5843137254901961
0.34509803921568627
0.24705882352941178
0.6235294117647059
0.3843137254901961
0.28627450980392155
0.6078431372549019
0.3686274509803922
0.26666666666666666
0.5725490196078431
0.3176470588235294
0.21176470588235294
0.5450980392156862
0.2901960784313726
0.1803921568627451
0.5215686274509804
0.26666666666666666
0.1568627450980392
0.49411764705882355
0.23921568627450981
0.12941176470588237
0.47058823529411764
0.21568627450980393
0.11764705882352941
0.4549019607843137
0.20784313725490197
0.12549019607843137
0.42745098039215684
0.20784313725490197
0.15294117647058825
0.3764705882352941
0.23921568627450981
0.2549019607843137
0.3176470588235294
0.32941176470588235
0.4549019607843137
0.28627450980392155
0.403921568627451
0.596078431372549
0.27450980392156865
0.40784313725490196
0.6274509803921569
0.27450980392156865
0.4
0.596078431372549
0.2784313725490196
0.44313725490196076
0.6549019607843137
0.28627450980392155
0.42745098039215684
0.6509803921568628
0.28627450980392155
0.4196078431372549
0.6196078431372549
0.2784313725490196
0.41568627450980394
0.6078431372549019
0.2549019607843137
0.4117647058823529
0.615686274509804
0.25882352941176473
0.38823529411764707
0.5725490196078431
0.35294117647058826
0.396078431372549
0.5137254901960784
0.49019607843137253
0.4588235294117647
0.5137254901960784
0.5803921568627451
0.5137254901960784
0.5450980392156862
0.6274509803921569
0.5215686274509804
0.5333333333333333
0.6549019607843137
0.4823529411764706
0.4549019607843137
0.6352941176470588
0.4196078431372549
0.34509803921568627
0.6470588235294118
0.42745098039215684
0.3411764705882353
0.6
0.37254901960784315
0.29411764705882354
0.5058823529411764
0.27450980392156865
0.1803921568627451
0.5568627450980392
0.3215686274509804
0.20784313725490197
0.611764705882353
0.3803921568627451
0.2823529411764706
0.611764705882353
0.3843137254901961
0.2823529411764706
0.6196078431372549
0.38823529411764707
0.28627450980392155
0.6
0.3686274509803922
0.2627450980392157
0.5764705882352941
0.34901960784313724
0.23137254901960785
0.5529411764705883
0.3137254901960784
0.19607843137254902
0.5058823529411764
0.24705882352941178
0.13725490196078433
0.4666666666666667
0.18823529411764706
0.09019607843137255
0.44313725490196076
0.17254901960784313
0.0784313725490196
0.43137254901960786
0.17647058823529413
0.09803921568627451
0.4235294117647059
0.18823529411764706
0.12549019607843137
0.39215686274509803
0.21568627450980393
0.20392156862745098
0.3333333333333333
0.29411764705882354
0.3803921568627451
0.29411764705882354
0.4
0.5843137254901961
0.26666666666666666
0.403921568627451
0.615686274509804
0.27058823529411763
0.4
0.6039215686274509
0.27450980392156865
0.42745098039215684
0.6196078431372549
0.2823529411764706
0.4235294117647059
0.6352941176470588
0.28627450980392155
0.43529411764705883
0.6392156862745098
0.28627450980392155
0.43529411764705883
0.6313725490196078
0.2823529411764706
0.43529411764705883
0.6431372549019608
0.2901960784313726
0.42745098039215684
0.6196078431372549
0.396078431372549
0.44313725490196076
0.5607843137254902
0.5215686274509804
0.47843137254901963
0.5294117647058824
0.592156862745098
0.49411764705882355
0.5098039215686274
0.6392156862745098
0.49019607843137253
0.4666666666666667
0.6470588235294118
0.4627450980392157
0.40784313725490196
0.6352941176470588
0.4392156862745098
0.3764705882352941
0.6549019607843137
0.4627450980392157
0.39215686274509803
0.6274509803921569
0.4235294117647059
0.34509803921568627
0.5333333333333333
0.30980392156862746
0.21568627450980393
0.5843137254901961
0.35294117647058826
0.24705882352941178
0.6039215686274509
0.3607843137254902
0.2627450980392157
0.5764705882352941
0.3254901960784314
0.2196078431372549
0.5764705882352941
0.3176470588235294
0.20784313725490197
0.5647058823529412
0.30196078431372547
0.1803921568627451
0.5450980392156862
0.29411764705882354
0.1607843137254902
0.5215686274509804
0.27058823529411763
0.1411764705882353
0.49019607843137253
0.23529411764705882
0.11372549019607843
0.4588235294117647
0.19607843137254902
0.08627450980392157
0.44313725490196076
0.1803921568627451
0.0784313725490196
0.43137254901960786
0.17254901960784313
0.09019607843137255
0.4196078431372549
0.17647058823529413
0.11372549019607843
0.4
0.2
0.1607843137254902
0.3607843137254902
0.25882352941176473
0.28627450980392155
0.3333333333333333
0.3843137254901961
0.5411764705882353
0.2901960784313726
0.43529411764705883
0.6352941176470588
0.3058823529411765
0.43137254901960786
0.6588235294117647
0.2549019607843137
0.396078431372549
0.5803921568627451
0.27450980392156865
0.40784313725490196
0.6078431372549019
0.2784313725490196
0.4235294117647059
0.6235294117647059
0.2784313725490196
0.43137254901960786
0.6313725490196078
0.2901960784313726
0.45098039215686275
0.6549019607843137
0.30980392156862746
0.44313725490196076
0.6352941176470588
0.43529411764705883
0.47058823529411764
0.5843137254901961
0.5568627450980392
0.4980392156862745
0.5411764705882353
0.592156862745098
0.48627450980392156
0.49019607843137253
0.6196078431372549
0.4666666666666667
0.4392156862745098
0.6470588235294118
0.4666666666666667
0.41568627450980394
0.6588235294117647
0.47058823529411764
0.40784313725490196
0.6313725490196078
0.43529411764705883
0.3607843137254902
0.5647058823529412
0.35294117647058826
0.26666666666666666
0.5372549019607843
0.3058823529411765
0.20392156862745098
0.5882352941176471
0.34509803921568627
0.23921568627450981
0.5764705882352941
0.32941176470588235
0.23137254901960785
0.5568627450980392
0.30196078431372547
0.19607843137254902
0.5333333333333333
0.27450980392156865
0.1607843137254902
0.5294117647058824
0.25882352941176473
0.13725490196078433
0.5137254901960784
0.24313725490196078
0.10588235294117647
0.49411764705882355
0.21568627450980393
0.08235294117647059
0.4823529411764706
0.20392156862745098
0.07450980392156863
0.4823529411764706
0.20784313725490197
0.09019607843137255
0.4745098039215686
0.21176470588235294
0.10196078431372549
0.4392156862745098
0.1843137254901961
0.09019607843137255
0.4117647058823529
0.16862745098039217
0.09803921568627451
0.4
0.18823529411764706
0.1411764705882353
0.3607843137254902
0.22745098039215686
0.23137254901960785
0.33725490196078434
0.35294117647058826
0.4823529411764706
0.3333333333333333
0.47058823529411764
0.6627450980392157
0.3411764705882353
0.47058823529411764
0.7019607843137254
0.26666666666666666
0.4196078431372549
0.615686274509804
0.28627450980392155
0.43137254901960786
0.6431372549019608
0.2901960784313726
0.45098039215686275
0.6588235294117647
0.29411764705882354
0.4627450980392157
0.6705882352941176
0.30196078431372547
0.47058823529411764
0.6823529411764706
0.3176470588235294
0.45098039215686275
0.6392156862745098
0.47843137254901963
0.5058823529411764
0.6078431372549019
0.6196078431372549
0.5490196078431373
0.5803921568627451
0.6666666666666666
0.5490196078431373
0.5450980392156862
0.7176470588235294
0.5647058823529412
0.5372549019607843
0.7411764705882353
0.5725490196078431
0.5294117647058824
0.7137254901960784
0.5411764705882353
0.49019607843137253
0.6431372549019608
0.4588235294117647
0.4
0.5568627450980392
0.3568627450980392
0.2823529411764706
0.5843137254901961
0.36470588235294116
0.27450980392156865
0.6274509803921569
0.396078431372549
0.2980392156862745
0.6039215686274509
0.3607843137254902
0.2627450980392157
0.5647058823529412
0.3137254901960784
0.20784313725490197
0.5372549019607843
0.2784313725490196
0.16470588235294117
0.5176470588235295
0.25098039215686274
0.12941176470588237
0.49019607843137253
0.2196078431372549
0.09019607843137255
0.4666666666666667
0.19215686274509805
0.07058823529411765
0.4627450980392157
0.18823529411764706
0.07450980392156863
0.4745098039215686
0.20392156862745098
0.09411764705882353
0.48627450980392156
0.23529411764705882
0.12156862745098039
0.4666666666666667
0.2235294117647059
0.11764705882352941
0.4235294117647059
0.1803921568627451
0.10196078431372549
0.4
0.17647058823529413
0.11764705882352941
0.37254901960784315
0.20784313725490197
0.19215686274509805
0.36470588235294116
0.3333333333333333
0.43137254901960786
0.35294117647058826
0.4745098039215686
0.6549019607843137
0.32941176470588235
0.4588235294117647
0.6980392156862745
0.2823529411764706
0.4549019607843137
0.6627450980392157
0.2823529411764706
0.45098039215686275
0.6784313725490196
0.26666666666666666
0.4470588235294118
0.6745098039215687
0.2784313725490196
0.4588235294117647
0.6784313725490196
0.2901960784313726
0.4627450980392157
0.6823529411764706
0.3215686274509804
0.45098039215686275
0.6352941176470588
0.49411764705882355
0.5098039215686274
0.6039215686274509
0.6313725490196078
0.5450980392156862
0.5647058823529412
0.6745098039215687
0.5450980392156862
0.5294117647058824
0.7254901960784313
0.5647058823529412
0.5294117647058824
0.7411764705882353
0.5686274509803921
0.5294117647058824
0.7019607843137254
0.5450980392156862
0.5058823529411764
0.6274509803921569
0.47843137254901963
0.4392156862745098
0.596078431372549
0.43137254901960786
0.3843137254901961
0.592156862745098
0.403921568627451
0.33725490196078434
0.592156862745098
0.37254901960784315
0.2901960784313726
0.611764705882353
0.3686274509803922
0.26666666666666666
0.5764705882352941
0.3254901960784314
0.21176470588235294
0.5568627450980392
0.30196078431372547
0.18823529411764706
0.5294117647058824
0.27058823529411763
0.15294117647058825
0.5058823529411764
0.25098039215686274
0.13725490196078433
0.47843137254901963
0.2235294117647059
0.12156862745098039
0.49411764705882355
0.23529411764705882
0.1411764705882353
0.4980392156862745
0.24705882352941178
0.15294117647058825
0.48627450980392156
0.24313725490196078
0.13725490196078433
0.4627450980392157
0.2235294117647059
0.11372549019607843
0.43137254901960786
0.18823529411764706
0.10588235294117647
0.40784313725490196
0.1803921568627451
0.11764705882352941
0.3843137254901961
0.20392156862745098
0.17647058823529413
0.34901960784313724
0.29411764705882354
0.3686274509803922
0.3137254901960784
0.4235294117647059
0.6
0.2823529411764706
0.41568627450980394
0.6588235294117647
0.1450980392156863
0.28627450980392155
0.48627450980392156
0.1803921568627451
0.3176470588235294
0.5490196078431373
0.20392156862745098
0.3607843137254902
0.5882352941176471
0.23921568627450981
0.396078431372549
0.6039215686274509
0.2901960784313726
0.42745098039215684
0.615686274509804
0.3607843137254902
0.43137254901960786
0.5686274509803921
0.5098039215686274
0.47843137254901963
0.5372549019607843
0.6313725490196078
0.5294117647058824
0.5254901960784314
0.6901960784313725
0.5529411764705883
0.5215686274509804
0.7333333333333333
0.5764705882352941
0.5372549019607843
0.7254901960784313
0.5725490196078431
0.5411764705882353
0.6588235294117647
0.5254901960784314
0.5058823529411764
0.5725490196078431
0.4588235294117647
0.4392156862745098
0.6039215686274509
0.49019607843137253
0.4666666666666667
0.5803921568627451
0.41568627450980394
0.36470588235294116
0.5333333333333333
0.2980392156862745
0.2196078431372549
0.5411764705882353
0.29411764705882354
0.17647058823529413
0.5294117647058824
0.2823529411764706
0.1607843137254902
0.49411764705882355
0.25098039215686274
0.12941176470588237
0.5019607843137255
0.25882352941176473
0.1411764705882353
0.5058823529411764
0.25882352941176473
0.1411764705882353
0.5058823529411764
0.2549019607843137
0.1450980392156863
0.49019607843137253
0.23921568627450981
0.13725490196078433
0.4666666666666667
0.21568627450980393
0.12156862745098039
0.4549019607843137
0.2
0.10980392156862745
0.43529411764705883
0.1843137254901961
0.10588235294117647
0.40784313725490196
0.16862745098039217
0.10196078431372549
0.3764705882352941
0.1568627450980392
0.10588235294117647
0.34509803921568627
0.16470588235294117
0.1411764705882353
0.3215686274509804
0.24705882352941178
0.30196078431372547
0.34509803921568627
0.403921568627451
0.5686274509803921
0.3215686274509804
0.4470588235294118
0.6901960784313725
0.06274509803921569
0.1568627450980392
0.3607843137254902
0.0784313725490196
0.16862745098039217
0.39215686274509803
0.09019607843137255
0.19215686274509805
0.403921568627451
0.1803921568627451
0.26666666666666666
0.43137254901960786
0.3803921568627451
0.396078431372549
0.49019607843137253
0.5176470588235295
0.4588235294117647
0.49019607843137253
0.5764705882352941
0.4745098039215686
0.47058823529411764
0.6352941176470588
0.5137254901960784
0.49019607843137253
0.7019607843137254
0.5686274509803921
0.5411764705882353
0.7294117647058823
0.6
0.5843137254901961
0.6862745098039216
0.5686274509803921
0.5686274509803921
0.6
0.4823529411764706
0.4823529411764706
0.5529411764705883
0.4235294117647059
0.4
0.6
0.4666666666666667
0.43137254901960786
0.5725490196078431
0.40784313725490196
0.3568627450980392
0.5294117647058824
0.3137254901960784
0.24705882352941178
0.47843137254901963
0.24313725490196078
0.1568627450980392
0.48627450980392156
0.24313725490196078
0.14901960784313725
0.4745098039215686
0.22745098039215686
0.12549019607843137
0.48627450980392156
0.23529411764705882
0.12941176470588237
0.47843137254901963
0.23529411764705882
0.12549019607843137
0.4666666666666667
0.2235294117647059
0.11764705882352941
0.4549019607843137
0.21176470588235294
0.11372549019607843
0.4392156862745098
0.19215686274509805
0.10588235294117647
0.4196078431372549
0.16470588235294117
0.09411764705882353
0.38823529411764707
0.13725490196078433
0.08235294117647059
0.34901960784313724
0.11764705882352941
0.07058823529411765
0.32941176470588235
0.11372549019607843
0.0784313725490196
0.30980392156862746
0.10980392156862745
0.08235294117647059
0.28627450980392155
0.13725490196078433
0.13725490196078433
0.27450980392156865
0.23529411764705882
0.3215686274509804
0.30196078431372547
0.3607843137254902
0.5568627450980392
0.08235294117647059
0.1568627450980392
0.34901960784313724
0.10588235294117647
0.16470588235294117
0.3686274509803922
0.11764705882352941
0.1803921568627451
0.3686274509803922
0.26666666666666666
0.3058823529411765
0.43529411764705883
0.4980392156862745
0.4666666666666667
0.5254901960784314
0.6196078431372549
0.5215686274509804
0.5215686274509804
0.6392156862745098
0.5058823529411764
0.4823529411764706
0.6549019607843137
0.5098039215686274
0.4666666666666667
0.7019607843137254
0.5529411764705883
0.5058823529411764
0.7294117647058823
0.592156862745098
0.5647058823529412
0.7254901960784313
0.5843137254901961
0.5647058823529412
0.7058823529411765
0.5529411764705883
0.5333333333333333
0.6705882352941176
0.5098039215686274
0.4745098039215686
0.6470588235294118
0.48627450980392156
0.43137254901960786
0.6235294117647059
0.4627450980392157
0.396078431372549
0.5686274509803921
0.38823529411764707
0.3333333333333333
0.49411764705882355
0.30196078431372547
0.24313725490196078
0.4980392156862745
0.29411764705882354
0.22745098039215686
0.5058823529411764
0.28627450980392155
0.20392156862745098
0.5019607843137255
0.27450980392156865
0.1803921568627451
0.49019607843137253
0.2627450980392157
0.1607843137254902
0.4745098039215686
0.24313725490196078
0.1450980392156863
0.44313725490196076
0.21176470588235294
0.12156862745098039
0.41568627450980394
0.1843137254901961
0.10588235294117647
0.4117647058823529
0.17254901960784313
0.09803921568627451
0.4117647058823529
0.17647058823529413
0.10980392156862745
0.4
0.1803921568627451
0.12941176470588237
0.37254901960784315
0.16862745098039217
0.12549019607843137
0.34901960784313724
0.15294117647058825
0.11372549019607843
0.3254901960784314
0.1411764705882353
0.10980392156862745
0.2784313725490196
0.14901960784313725
0.16470588235294117
0.25098039215686274
0.23529411764705882
0.36470588235294116
0.10196078431372549
0.1843137254901961
0.36470588235294116
0.12549019607843137
0.1803921568627451
0.3686274509803922
0.13725490196078433
0.19215686274509805
0.3607843137254902
0.2
0.23921568627450981
0.3686274509803922
0.3568627450980392
0.37254901960784315
0.47058823529411764
0.5019607843137255
0.47058823529411764
0.5294117647058824
0.5686274509803921
0.49411764705882355
0.5176470588235295
0.5725490196078431
0.48627450980392156
0.4980392156862745
0.592156862745098
0.5176470588235295
0.5333333333333333
0.6627450980392157
0.5843137254901961
0.6039215686274509
0.7215686274509804
0.615686274509804
0.6235294117647059
0.7098039215686275
0.5686274509803921
0.5568627450980392
0.6549019607843137
0.49019607843137253
0.4588235294117647
0.6470588235294118
0.4823529411764706
0.42745098039215684
0.6352941176470588
0.4823529411764706
0.43137254901960786
0.5568627450980392
0.4196078431372549
0.38823529411764707
0.47843137254901963
0.34509803921568627
0.3137254901960784
0.5019607843137255
0.3411764705882353
0.28627450980392155
0.5333333333333333
0.34901960784313724
0.27058823529411763
0.5450980392156862
0.3411764705882353
0.2549019607843137
0.5333333333333333
0.3137254901960784
0.2196078431372549
0.5254901960784314
0.30196078431372547
0.21568627450980393
0.5333333333333333
0.3137254901960784
0.23921568627450981
0.5176470588235295
0.2980392156862745
0.22745098039215686
0.48627450980392156
0.26666666666666666
0.18823529411764706
0.4745098039215686
0.25882352941176473
0.17254901960784313
0.4627450980392157
0.25882352941176473
0.1843137254901961
0.4392156862745098
0.24705882352941178
0.18823529411764706
0.4117647058823529
0.23529411764705882
0.19215686274509805
0.36470588235294116
0.20392156862745098
0.1843137254901961
0.30196078431372547
0.16862745098039217
0.17254901960784313
0.2196078431372549
0.18823529411764706
0.2980392156862745
0.10588235294117647
0.17647058823529413
0.3568627450980392
0.12941176470588237
0.16862745098039217
0.3568627450980392
0.13725490196078433
0.17647058823529413
0.3411764705882353
0.14901960784313725
0.2
0.34509803921568627
0.1843137254901961
0.2235294117647059
0.36470588235294116
0.2196078431372549
0.23921568627450981
0.3686274509803922
0.23921568627450981
0.24313725490196078
0.36470588235294116
0.24313725490196078
0.2549019607843137
0.3686274509803922
0.26666666666666666
0.27450980392156865
0.3843137254901961
0.3215686274509804
0.30980392156862746
0.403921568627451
0.37254901960784315
0.33725490196078434
0.40784313725490196
0.37254901960784315
0.3215686274509804
0.37254901960784315
0.35294117647058826
0.2901960784313726
0.32941176470588235
0.37254901960784315
0.2901960784313726
0.3411764705882353
0.3607843137254902
0.28627450980392155
0.34509803921568627
0.3254901960784314
0.27450980392156865
0.33725490196078434
0.32941176470588235
0.27450980392156865
0.32941176470588235
0.43137254901960786
0.3058823529411765
0.30196078431372547
0.5098039215686274
0.33725490196078434
0.2980392156862745
0.5372549019607843
0.3568627450980392
0.3137254901960784
0.5450980392156862
0.3568627450980392
0.2980392156862745
0.5333333333333333
0.34901960784313724
0.2980392156862745
0.5529411764705883
0.39215686274509803
0.34901960784313724
0.5607843137254902
0.403921568627451
0.37254901960784315
0.5215686274509804
0.34901960784313724
0.30196078431372547
0.4666666666666667
0.29411764705882354
0.23921568627450981
0.4117647058823529
0.27058823529411763
0.24313725490196078
0.3568627450980392
0.2549019607843137
0.25882352941176473
0.32941176470588235
0.2549019607843137
0.2823529411764706
0.27450980392156865
0.2235294117647059
0.2823529411764706
0.2
0.19607843137254902
0.2980392156862745
0.11764705882352941
0.18823529411764706
0.37254901960784315
