32 32 3
0.3764705882352941
0.39215686274509803
0.43529411764705883
0.403921568627451
0.34901960784313724
0.396078431372549
0.44313725490196076
0.36470588235294116
0.39215686274509803
0.30196078431372547
0.23921568627450981
0.24313725490196078
0.34509803921568627
0.3411764705882353
0.34509803921568627
0.3843137254901961
0.41568627450980394
0.44313725490196076
0.40784313725490196
0.4117647058823529
0.4235294117647059
0.5019607843137255
0.4823529411764706
0.48627450980392156
0.47843137254901963
0.4588235294117647
0.4745098039215686
0.2627450980392157
0.2549019607843137
0.2823529411764706
0.24313725490196078
0.17254901960784313
0.19607843137254902
0.4588235294117647
0.22745098039215686
0.2627450980392157
0.49019607843137253
0.21568627450980393
0.23529411764705882
0.37254901960784315
0.18823529411764706
0.19607843137254902
0.4470588235294118
0.30980392156862746
0.34901960784313724
0.49019607843137253
0.3843137254901961
0.43137254901960786
0.4549019607843137
0.4
0.4235294117647059
0.3568627450980392
0.32941176470588235
0.34509803921568627
0.30980392156862746
0.29411764705882354
0.3058823529411765
0.4
0.3764705882352941
0.38823529411764707
0.5137254901960784
0.4745098039215686
0.5019607843137255
0.6
0.5725490196078431
0.615686274509804
0.39215686274509803
0.3803921568627451
0.4117647058823529
0.3215686274509804
0.3215686274509804
0.3333333333333333
0.35294117647058826
0.34901960784313724
0.34901960784313724
0.3411764705882353
0.3215686274509804
0.3176470588235294
0.3254901960784314
0.3058823529411765
0.30980392156862746
0.3176470588235294
0.3254901960784314
0.32941176470588235
0.2823529411764706
0.3215686274509804
0.3137254901960784
0.23529411764705882
0.2823529411764706
0.2784313725490196
0.23921568627450981
0.2823529411764706
0.2823529411764706
0.24313725490196078
0.25882352941176473
0.27058823529411763
0.3215686274509804
0.3215686274509804
0.36470588235294116
0.5568627450980392
0.44313725490196076
0.49411764705882355
0.6666666666666666
0.5294117647058824
0.5568627450980392
0.43137254901960786
0.34901960784313724
0.32941176470588235
0.4470588235294118
0.396078431372549
0.3686274509803922
0.45098039215686275
0.3764705882352941
0.3686274509803922
0.5254901960784314
0.42745098039215684
0.41568627450980394
0.6196078431372549
0.5137254901960784
0.4980392156862745
0.6588235294117647
0.5686274509803921
0.5764705882352941
0.5568627450980392
0.5098039215686274
0.5215686274509804
0.45098039215686275
0.40784313725490196
0.3803921568627451
0.592156862745098
0.35294117647058826
0.35294117647058826
0.6235294117647059
0.25098039215686274
0.2823529411764706
0.5803921568627451
0.2980392156862745
0.3215686274509804
0.5529411764705883
0.43529411764705883
0.45098039215686275
0.5725490196078431
0.49411764705882355
0.5098039215686274
0.5803921568627451
0.4823529411764706
0.5019607843137255
0.45098039215686275
0.3686274509803922
0.3803921568627451
0.4823529411764706
0.39215686274509803
0.40784313725490196
0.5019607843137255
0.3843137254901961
0.40784313725490196
0.5803921568627451
0.43529411764705883
0.4745098039215686
0.7098039215686275
0.5725490196078431
0.6274509803921569
0.5215686274509804
0.4549019607843137
0.48627450980392156
0.4549019607843137
0.43137254901960786
0.43137254901960786
0.5058823529411764
0.43529411764705883
0.42745098039215684
0.5686274509803921
0.40784313725490196
0.4117647058823529
0.5803921568627451
0.47843137254901963
0.49411764705882355
0.5372549019607843
0.48627450980392156
0.5019607843137255
0.47058823529411764
0.3764705882352941
0.4
0.4549019607843137
0.36470588235294116
0.3803921568627451
0.45098039215686275
0.396078431372549
0.39215686274509803
0.43529411764705883
0.41568627450980394
0.4
0.3607843137254902
0.35294117647058826
0.39215686274509803
0.5058823529411764
0.37254901960784315
0.4235294117647059
0.6039215686274509
0.4470588235294118
0.47058823529411764
0.5764705882352941
0.49411764705882355
0.4666666666666667
0.5450980392156862
0.4392156862745098
0.4117647058823529
0.5137254901960784
0.29411764705882354
0.2980392156862745
0.5058823529411764
0.27450980392156865
0.27450980392156865
0.5019607843137255
0.26666666666666666
0.27058823529411763
0.5647058823529412
0.3568627450980392
0.38823529411764707
0.6392156862745098
0.47843137254901963
0.5215686274509804
0.6313725490196078
0.49019607843137253
0.47843137254901963
0.592156862745098
0.3607843137254902
0.34901960784313724
0.6549019607843137
0.3333333333333333
0.34901960784313724
0.7529411764705882
0.4588235294117647
0.48627450980392156
0.7137254901960784
0.5176470588235295
0.5450980392156862
0.7058823529411765
0.5529411764705883
0.5764705882352941
0.7019607843137254
0.5490196078431373
0.5725490196078431
0.6745098039215687
0.5176470588235295
0.5411764705882353
0.6941176470588235
0.5215686274509804
0.5490196078431373
0.6627450980392157
0.45098039215686275
0.49411764705882355
0.6392156862745098
0.3764705882352941
0.4392156862745098
0.6705882352941176
0.39215686274509803
0.4745098039215686
0.5490196078431373
0.35294117647058826
0.4117647058823529
0.49019607843137253
0.34901960784313724
0.3764705882352941
0.4823529411764706
0.26666666666666666
0.28627450980392155
0.5647058823529412
0.21176470588235294
0.24313725490196078
0.6980392156862745
0.5058823529411764
0.5176470588235295
0.6588235294117647
0.5529411764705883
0.5686274509803921
0.4549019607843137
0.2196078431372549
0.26666666666666666
0.48627450980392156
0.2
0.24705882352941178
0.49019607843137253
0.23529411764705882
0.25882352941176473
0.4745098039215686
0.28627450980392155
0.2823529411764706
0.27058823529411763
0.27058823529411763
0.29411764705882354
0.2784313725490196
0.19215686274509805
0.22745098039215686
0.23921568627450981
0.13333333333333333
0.1568627450980392
0.21176470588235294
0.14901960784313725
0.13725490196078433
0.18823529411764706
0.15294117647058825
0.12941176470588237
0.17647058823529413
0.12156862745098039
0.09803921568627451
0.1843137254901961
0.11372549019607843
0.08235294117647059
0.17647058823529413
0.09411764705882353
0.07058823529411765
0.17647058823529413
0.11372549019607843
0.10588235294117647
0.16862745098039217
0.10588235294117647
0.11764705882352941
0.18823529411764706
0.07058823529411765
0.07450980392156863
0.1450980392156863
0.07058823529411765
0.043137254901960784
0.20392156862745098
0.13333333333333333
0.10196078431372549
0.3411764705882353
0.2
0.19607843137254902
0.43137254901960786
0.25098039215686274
0.27058823529411763
0.5176470588235295
0.34901960784313724
0.37254901960784315
0.5647058823529412
0.403921568627451
0.42745098039215684
0.5647058823529412
0.40784313725490196
0.43137254901960786
0.611764705882353
0.43529411764705883
0.4666666666666667
0.592156862745098
0.37254901960784315
0.41568627450980394
0.5294117647058824
0.2784313725490196
0.3333333333333333
0.48627450980392156
0.26666666666666666
0.3254901960784314
0.4588235294117647
0.3215686274509804
0.36470588235294116
0.4666666666666667
0.34901960784313724
0.3764705882352941
0.5019607843137255
0.2980392156862745
0.30980392156862746
0.5568627450980392
0.21568627450980393
0.2235294117647059
0.6705882352941176
0.5215686274509804
0.4823529411764706
0.6274509803921569
0.5803921568627451
0.5372549019607843
0.4
0.20392156862745098
0.20392156862745098
0.4196078431372549
0.1411764705882353
0.1607843137254902
0.4235294117647059
0.12941176470588237
0.1450980392156863
0.403921568627451
0.1803921568627451
0.1568627450980392
0.29411764705882354
0.30980392156862746
0.3215686274509804
0.26666666666666666
0.27450980392156865
0.2901960784313726
0.15294117647058825
0.14901960784313725
0.16862745098039217
0.08627450980392157
0.06666666666666667
0.09019607843137255
0.1411764705882353
0.1607843137254902
0.17647058823529413
0.20784313725490197
0.27058823529411763
0.2823529411764706
0.1607843137254902
0.19215686274509805
0.19215686274509805
0.06666666666666667
0.0784313725490196
0.07058823529411765
0.08235294117647059
0.09803921568627451
0.09803921568627451
0.07450980392156863
0.08235294117647059
0.10196078431372549
0.058823529411764705
0.058823529411764705
0.0784313725490196
0.0196078431372549
0.09019607843137255
0.07450980392156863
0.027450980392156862
0.08235294117647059
0.06274509803921569
0.16470588235294117
0.09803921568627451
0.10980392156862745
0.2823529411764706
0.16470588235294117
0.17254901960784313
0.25882352941176473
0.17254901960784313
0.17254901960784313
0.25882352941176473
0.19607843137254902
0.2
0.20392156862745098
0.14901960784313725
0.14901960784313725
0.4
0.33725490196078434
0.33725490196078434
0.5529411764705883
0.45098039215686275
0.4666666666666667
0.42745098039215684
0.3137254901960784
0.3333333333333333
0.23529411764705882
0.17254901960784313
0.1843137254901961
0.27058823529411763
0.23921568627450981
0.25882352941176473
0.37254901960784315
0.3137254901960784
0.3411764705882353
0.4745098039215686
0.32941176470588235
0.32941176470588235
0.5098039215686274
0.2549019607843137
0.2235294117647059
0.5372549019607843
0.35294117647058826
0.29411764705882354
0.5294117647058824
0.39215686274509803
0.33725490196078434
0.5019607843137255
0.30980392156862746
0.2784313725490196
0.5215686274509804
0.2901960784313726
0.27450980392156865
0.5137254901960784
0.27450980392156865
0.26666666666666666
0.4666666666666667
0.2784313725490196
0.24705882352941178
0.2784313725490196
0.30980392156862746
0.30196078431372547
0.20784313725490197
0.26666666666666666
0.26666666666666666
0.19607843137254902
0.24705882352941178
0.27058823529411763
0.23529411764705882
0.23921568627450981
0.29411764705882354
0.3254901960784314
0.37254901960784315
0.42745098039215684
0.5137254901960784
0.6274509803921569
0.6666666666666666
0.39215686274509803
0.4745098039215686
0.5019607843137255
0.17254901960784313
0.2196078431372549
0.24313725490196078
0.1803921568627451
0.2196078431372549
0.25098039215686274
0.16862745098039217
0.20392156862745098
0.24313725490196078
0.1450980392156863
0.17254901960784313
0.23137254901960785
0.11764705882352941
0.20784313725490197
0.24705882352941178
0.1843137254901961
0.21568627450980393
0.23921568627450981
0.27058823529411763
0.16862745098039217
0.19607843137254902
0.2784313725490196
0.1843137254901961
0.19215686274509805
0.21568627450980393
0.1843137254901961
0.16862745098039217
0.18823529411764706
0.1803921568627451
0.1607843137254902
0.14901960784313725
0.1607843137254902
0.1411764705882353
0.36470588235294116
0.3764705882352941
0.36470588235294116
0.5098039215686274
0.49019607843137253
0.4823529411764706
0.396078431372549
0.3568627450980392
0.35294117647058826
0.18823529411764706
0.1568627450980392
0.16470588235294117
0.24705882352941178
0.21568627450980393
0.24313725490196078
0.3764705882352941
0.29411764705882354
0.32941176470588235
0.43137254901960786
0.25098039215686274
0.2627450980392157
0.403921568627451
0.12156862745098039
0.09803921568627451
0.4588235294117647
0.13725490196078433
0.10196078431372549
0.4627450980392157
0.14901960784313725
0.12156862745098039
0.4666666666666667
0.16470588235294117
0.1450980392156863
0.47058823529411764
0.1843137254901961
0.17647058823529413
0.4666666666666667
0.20392156862745098
0.20392156862745098
0.47058823529411764
0.2196078431372549
0.2196078431372549
0.3137254901960784
0.34509803921568627
0.3215686274509804
0.1803921568627451
0.24313725490196078
0.23921568627450981
0.23137254901960785
0.2980392156862745
0.3254901960784314
0.24313725490196078
0.2784313725490196
0.34509803921568627
0.3411764705882353
0.4235294117647059
0.48627450980392156
0.5254901960784314
0.6666666666666666
0.7137254901960784
0.4117647058823529
0.5176470588235295
0.5725490196078431
0.19607843137254902
0.27058823529411763
0.32941176470588235
0.20392156862745098
0.27058823529411763
0.3333333333333333
0.1843137254901961
0.24705882352941178
0.3137254901960784
0.18823529411764706
0.23529411764705882
0.3176470588235294
0.1607843137254902
0.25882352941176473
0.3333333333333333
0.20784313725490197
0.25098039215686274
0.28627450980392155
0.27058823529411763
0.18823529411764706
0.19215686274509805
0.2549019607843137
0.19607843137254902
0.2
0.2196078431372549
0.19215686274509805
0.1843137254901961
0.22745098039215686
0.19607843137254902
0.17254901960784313
0.19607843137254902
0.19215686274509805
0.1803921568627451
0.3333333333333333
0.32941176470588235
0.3254901960784314
0.4470588235294118
0.4
0.4
0.38823529411764707
0.3176470588235294
0.3176470588235294
0.1803921568627451
0.1411764705882353
0.14901960784313725
0.23529411764705882
0.20784313725490197
0.2196078431372549
0.36470588235294116
0.27450980392156865
0.2901960784313726
0.42745098039215684
0.22745098039215686
0.23529411764705882
0.41568627450980394
0.09019607843137255
0.08627450980392157
0.4627450980392157
0.09803921568627451
0.07450980392156863
0.4666666666666667
0.11372549019607843
0.08627450980392157
0.4745098039215686
0.12549019607843137
0.11372549019607843
0.4666666666666667
0.1411764705882353
0.1450980392156863
0.4392156862745098
0.1568627450980392
0.16470588235294117
0.4549019607843137
0.17647058823529413
0.1843137254901961
0.2784313725490196
0.2823529411764706
0.26666666666666666
0.13725490196078433
0.19607843137254902
0.18823529411764706
0.21568627450980393
0.3137254901960784
0.3215686274509804
0.24313725490196078
0.35294117647058826
0.3803921568627451
0.3333333333333333
0.4470588235294118
0.5019607843137255
0.5294117647058824
0.6313725490196078
0.7176470588235294
0.3686274509803922
0.43529411764705883
0.5372549019607843
0.20392156862745098
0.2549019607843137
0.3607843137254902
0.23529411764705882
0.29411764705882354
0.396078431372549
0.21568627450980393
0.29411764705882354
0.38823529411764707
0.16470588235294117
0.2901960784313726
0.36470588235294116
0.12941176470588237
0.27450980392156865
0.34901960784313724
0.18823529411764706
0.21568627450980393
0.27058823529411763
0.28627450980392155
0.17254901960784313
0.19607843137254902
0.29411764705882354
0.21568627450980393
0.24313725490196078
0.21176470588235294
0.2
0.23137254901960785
0.16862745098039217
0.17254901960784313
0.19215686274509805
0.1843137254901961
0.20784313725490197
0.22745098039215686
0.33725490196078434
0.3411764705882353
0.3568627450980392
0.4588235294117647
0.40784313725490196
0.403921568627451
0.3803921568627451
0.29411764705882354
0.28627450980392155
0.17647058823529413
0.13333333333333333
0.1411764705882353
0.2235294117647059
0.19607843137254902
0.20784313725490197
0.35294117647058826
0.26666666666666666
0.27450980392156865
0.43137254901960786
0.22745098039215686
0.23137254901960785
0.4235294117647059
0.09019607843137255
0.09019607843137255
0.4470588235294118
0.08235294117647059
0.06274509803921569
0.4549019607843137
0.10588235294117647
0.0784313725490196
0.4627450980392157
0.10980392156862745
0.10196078431372549
0.4666666666666667
0.13333333333333333
0.13725490196078433
0.44313725490196076
0.1568627450980392
0.1607843137254902
0.45098039215686275
0.17647058823529413
0.1803921568627451
0.17254901960784313
0.1450980392156863
0.1411764705882353
0.1411764705882353
0.1568627450980392
0.15294117647058825
0.2549019607843137
0.3058823529411765
0.30980392156862746
0.3254901960784314
0.4
0.40784313725490196
0.34901960784313724
0.4470588235294118
0.4823529411764706
0.34901960784313724
0.4666666666666667
0.5294117647058824
0.1843137254901961
0.2784313725490196
0.34901960784313724
0.1450980392156863
0.23529411764705882
0.30980392156862746
0.19215686274509805
0.3058823529411765
0.37254901960784315
0.20784313725490197
0.34509803921568627
0.4
0.16470588235294117
0.3137254901960784
0.37254901960784315
0.13333333333333333
0.25882352941176473
0.3411764705882353
0.2235294117647059
0.19607843137254902
0.27058823529411763
0.30980392156862746
0.1568627450980392
0.20392156862745098
0.2235294117647059
0.16470588235294117
0.2
0.1411764705882353
0.1843137254901961
0.23921568627450981
0.10588235294117647
0.1607843137254902
0.22745098039215686
0.23137254901960785
0.28627450980392155
0.33725490196078434
0.43529411764705883
0.4549019607843137
0.4823529411764706
0.5294117647058824
0.4745098039215686
0.4666666666666667
0.4196078431372549
0.3215686274509804
0.30196078431372547
0.2
0.1568627450980392
0.1607843137254902
0.21568627450980393
0.18823529411764706
0.2
0.3764705882352941
0.2901960784313726
0.2980392156862745
0.43529411764705883
0.23137254901960785
0.23921568627450981
0.4235294117647059
0.09019607843137255
0.09019607843137255
0.43529411764705883
0.07058823529411765
0.054901960784313725
0.45098039215686275
0.09803921568627451
0.0784313725490196
0.4549019607843137
0.10196078431372549
0.09411764705882353
0.4627450980392157
0.12941176470588237
0.12549019607843137
0.44313725490196076
0.1568627450980392
0.15294117647058825
0.44313725490196076
0.16470588235294117
0.16862745098039217
0.41568627450980394
0.3568627450980392
0.36470588235294116
0.396078431372549
0.3137254901960784
0.3333333333333333
0.41568627450980394
0.3137254901960784
0.34509803921568627
0.4196078431372549
0.2980392156862745
0.3411764705882353
0.396078431372549
0.3254901960784314
0.3568627450980392
0.34509803921568627
0.34901960784313724
0.3686274509803922
0.3137254901960784
0.2980392156862745
0.3254901960784314
0.25098039215686274
0.23137254901960785
0.25882352941176473
0.21568627450980393
0.2196078431372549
0.23921568627450981
0.2235294117647059
0.24313725490196078
0.25882352941176473
0.23921568627450981
0.23921568627450981
0.3058823529411765
0.23921568627450981
0.23137254901960785
0.3215686274509804
0.2980392156862745
0.18823529411764706
0.2627450980392157
0.3176470588235294
0.1450980392156863
0.17647058823529413
0.1843137254901961
0.1568627450980392
0.16862745098039217
0.11372549019607843
0.16470588235294117
0.21568627450980393
0.13333333333333333
0.1568627450980392
0.23529411764705882
0.30196078431372547
0.32941176470588235
0.39215686274509803
0.49019607843137253
0.48627450980392156
0.5176470588235295
0.5176470588235295
0.4392156862745098
0.43137254901960786
0.3764705882352941
0.26666666666666666
0.24313725490196078
0.23137254901960785
0.18823529411764706
0.19215686274509805
0.19607843137254902
0.16862745098039217
0.1803921568627451
0.3764705882352941
0.29411764705882354
0.30196078431372547
0.41568627450980394
0.21176470588235294
0.21568627450980393
0.403921568627451
0.07058823529411765
0.07450980392156863
0.42745098039215684
0.06274509803921569
0.058823529411764705
0.4392156862745098
0.08627450980392157
0.0784313725490196
0.4549019607843137
0.09803921568627451
0.09411764705882353
0.4549019607843137
0.12156862745098039
0.11764705882352941
0.43137254901960786
0.14901960784313725
0.13333333333333333
0.42745098039215684
0.14901960784313725
0.1411764705882353
0.8470588235294118
0.7529411764705882
0.7843137254901961
0.803921568627451
0.6549019607843137
0.6980392156862745
0.7019607843137254
0.48627450980392156
0.5372549019607843
0.7058823529411765
0.4745098039215686
0.5254901960784314
0.7490196078431373
0.5529411764705883
0.5882352941176471
0.7647058823529411
0.5686274509803921
0.592156862745098
0.7568627450980392
0.5254901960784314
0.5568627450980392
0.6627450980392157
0.42745098039215684
0.4627450980392157
0.5607843137254902
0.3333333333333333
0.36470588235294116
0.4470588235294118
0.22745098039215686
0.25882352941176473
0.3803921568627451
0.19607843137254902
0.2627450980392157
0.3686274509803922
0.23529411764705882
0.3137254901960784
0.396078431372549
0.21568627450980393
0.25882352941176473
0.34901960784313724
0.12549019607843137
0.12941176470588237
0.3058823529411765
0.20392156862745098
0.19607843137254902
0.29411764705882354
0.24313725490196078
0.27058823529411763
0.30980392156862746
0.22745098039215686
0.2784313725490196
0.41568627450980394
0.36470588235294116
0.40784313725490196
0.5098039215686274
0.45098039215686275
0.4745098039215686
0.41568627450980394
0.30980392156862746
0.30196078431372547
0.3411764705882353
0.21568627450980393
0.2
0.22745098039215686
0.1803921568627451
0.18823529411764706
0.18823529411764706
0.16470588235294117
0.17254901960784313
0.3686274509803922
0.2823529411764706
0.2901960784313726
0.41568627450980394
0.21176470588235294
0.21568627450980393
0.42745098039215684
0.09411764705882353
0.09803921568627451
0.4627450980392157
0.09411764705882353
0.09803921568627451
0.45098039215686275
0.09411764705882353
0.09803921568627451
0.4549019607843137
0.10196078431372549
0.10196078431372549
0.45098039215686275
0.11764705882352941
0.10980392156862745
0.43529411764705883
0.15294117647058825
0.12941176470588237
0.43529411764705883
0.1568627450980392
0.13333333333333333
0.9294117647058824
0.7686274509803922
0.8235294117647058
0.9372549019607843
0.7333333333333333
0.788235294117647
0.8862745098039215
0.6588235294117647
0.7019607843137254
0.8745098039215686
0.6823529411764706
0.7058823529411765
0.8862745098039215
0.7019607843137254
0.7215686274509804
0.8627450980392157
0.6235294117647059
0.6509803921568628
0.8470588235294118
0.5647058823529412
0.6039215686274509
0.803921568627451
0.5176470588235295
0.5647058823529412
0.7411764705882353
0.4470588235294118
0.49411764705882355
0.6549019607843137
0.34901960784313724
0.396078431372549
0.5764705882352941
0.3058823529411765
0.34901960784313724
0.5215686274509804
0.32941176470588235
0.36470588235294116
0.47058823529411764
0.2549019607843137
0.25882352941176473
0.39215686274509803
0.09411764705882353
0.07450980392156863
0.403921568627451
0.14901960784313725
0.1450980392156863
0.4
0.19215686274509805
0.20392156862745098
0.36470588235294116
0.17254901960784313
0.1803921568627451
0.48627450980392156
0.3411764705882353
0.35294117647058826
0.5568627450980392
0.43137254901960786
0.44313725490196076
0.5490196078431373
0.4
0.4
0.403921568627451
0.25882352941176473
0.2549019607843137
0.23137254901960785
0.1803921568627451
0.1843137254901961
0.2
0.17254901960784313
0.1843137254901961
0.37254901960784315
0.2901960784313726
0.2980392156862745
0.43137254901960786
0.22745098039215686
0.23137254901960785
0.44313725490196076
0.10980392156862745
0.10980392156862745
0.4588235294117647
0.09803921568627451
0.10196078431372549
0.4627450980392157
0.11372549019607843
0.11764705882352941
0.4823529411764706
0.12941176470588237
0.12941176470588237
0.5098039215686274
0.1803921568627451
0.16862745098039217
0.5058823529411764
0.2235294117647059
0.19607843137254902
0.5137254901960784
0.23529411764705882
0.2
0.6392156862745098
0.403921568627451
0.4588235294117647
0.7294117647058823
0.4627450980392157
0.5137254901960784
0.6823529411764706
0.4470588235294118
0.4823529411764706
0.6392156862745098
0.47843137254901963
0.5019607843137255
0.611764705882353
0.4588235294117647
0.4823529411764706
0.5215686274509804
0.3058823529411765
0.33725490196078434
0.5215686274509804
0.25098039215686274
0.27058823529411763
0.5411764705882353
0.2549019607843137
0.26666666666666666
0.5137254901960784
0.2549019607843137
0.27450980392156865
0.49019607843137253
0.24705882352941178
0.2784313725490196
0.49019607843137253
0.19215686274509805
0.20784313725490197
0.44313725490196076
0.18823529411764706
0.1843137254901961
0.4196078431372549
0.1803921568627451
0.1568627450980392
0.40784313725490196
0.11372549019607843
0.09019607843137255
0.38823529411764707
0.07058823529411765
0.07450980392156863
0.36470588235294116
0.06666666666666667
0.0784313725490196
0.3215686274509804
0.06666666666666667
0.06274509803921569
0.403921568627451
0.17647058823529413
0.16862745098039217
0.5411764705882353
0.30196078431372547
0.30196078431372547
0.5254901960784314
0.2784313725490196
0.2901960784313726
0.3803921568627451
0.18823529411764706
0.19215686274509805
0.2549019607843137
0.1803921568627451
0.17647058823529413
0.20784313725490197
0.1803921568627451
0.19215686274509805
0.3803921568627451
0.29411764705882354
0.30196078431372547
0.43529411764705883
0.2196078431372549
0.20784313725490197
0.43529411764705883
0.11764705882352941
0.11764705882352941
0.4549019607843137
0.13725490196078433
0.1450980392156863
0.45098039215686275
0.1411764705882353
0.13333333333333333
0.4588235294117647
0.11764705882352941
0.10588235294117647
0.48627450980392156
0.14901960784313725
0.12156862745098039
0.48627450980392156
0.19215686274509805
0.15294117647058825
0.4980392156862745
0.19215686274509805
0.1607843137254902
0.36470588235294116
0.11764705882352941
0.1607843137254902
0.4117647058823529
0.12156862745098039
0.1568627450980392
0.3686274509803922
0.10588235294117647
0.13725490196078433
0.3411764705882353
0.17254901960784313
0.2
0.4588235294117647
0.30980392156862746
0.3411764705882353
0.38823529411764707
0.16862745098039217
0.19607843137254902
0.3568627450980392
0.07450980392156863
0.07058823529411765
0.36470588235294116
0.06274509803921569
0.0392156862745098
0.33725490196078434
0.09411764705882353
0.08627450980392157
0.33725490196078434
0.13725490196078433
0.1450980392156863
0.3568627450980392
0.08235294117647059
0.07450980392156863
0.34509803921568627
0.0784313725490196
0.047058823529411764
0.396078431372549
0.16470588235294117
0.12941176470588237
0.40784313725490196
0.1607843137254902
0.13725490196078433
0.3843137254901961
0.0784313725490196
0.0784313725490196
0.3843137254901961
0.07450980392156863
0.0784313725490196
0.3803921568627451
0.12549019607843137
0.10196078431372549
0.43529411764705883
0.17647058823529413
0.1411764705882353
0.5176470588235295
0.20784313725490197
0.19215686274509805
0.4392156862745098
0.12156862745098039
0.13725490196078433
0.34901960784313724
0.11764705882352941
0.12549019607843137
0.27058823529411763
0.17254901960784313
0.16470588235294117
0.20392156862745098
0.17647058823529413
0.19607843137254902
0.3843137254901961
0.29411764705882354
0.2980392156862745
0.43529411764705883
0.20392156862745098
0.1803921568627451
0.4470588235294118
0.12156862745098039
0.12941176470588237
0.5450980392156862
0.24705882352941178
0.27450980392156865
0.5019607843137255
0.2
0.2196078431372549
0.4627450980392157
0.10588235294117647
0.10980392156862745
0.47843137254901963
0.09803921568627451
0.09803921568627451
0.47843137254901963
0.12941176470588237
0.12941176470588237
0.45098039215686275
0.11372549019607843
0.12156862745098039
0.3176470588235294
0.09803921568627451
0.10980392156862745
0.3568627450980392
0.0784313725490196
0.09411764705882353
0.34901960784313724
0.07058823529411765
0.09019607843137255
0.3215686274509804
0.09019607843137255
0.11372549019607843
0.36470588235294116
0.1411764705882353
0.16470588235294117
0.37254901960784315
0.09411764705882353
0.11764705882352941
0.4117647058823529
0.08235294117647059
0.08235294117647059
0.4627450980392157
0.11764705882352941
0.10588235294117647
0.4392156862745098
0.1411764705882353
0.1450980392156863
0.40784313725490196
0.16470588235294117
0.1803921568627451
0.3803921568627451
0.1450980392156863
0.12941176470588237
0.3333333333333333
0.11764705882352941
0.08627450980392157
0.33725490196078434
0.12549019607843137
0.09019607843137255
0.3686274509803922
0.12549019607843137
0.09803921568627451
0.40784313725490196
0.10588235294117647
0.09803921568627451
0.45098039215686275
0.16470588235294117
0.12941176470588237
0.47843137254901963
0.2549019607843137
0.17647058823529413
0.5411764705882353
0.3137254901960784
0.23137254901960785
0.5411764705882353
0.25098039215686274
0.21176470588235294
0.4745098039215686
0.17647058823529413
0.1803921568627451
0.40784313725490196
0.18823529411764706
0.19215686274509805
0.23529411764705882
0.1411764705882353
0.13333333333333333
0.2235294117647059
0.19215686274509805
0.21568627450980393
0.4
0.2980392156862745
0.30980392156862746
0.4392156862745098
0.1843137254901961
0.16862745098039217
0.43137254901960786
0.08235294117647059
0.10196078431372549
0.5725490196078431
0.2823529411764706
0.32941176470588235
0.5725490196078431
0.30980392156862746
0.34901960784313724
0.4627450980392157
0.1411764705882353
0.17254901960784313
0.49019607843137253
0.1450980392156863
0.17647058823529413
0.4980392156862745
0.16470588235294117
0.20392156862745098
0.4549019607843137
0.17647058823529413
0.20392156862745098
0.30196078431372547
0.09411764705882353
0.09411764705882353
0.34901960784313724
0.08627450980392157
0.09411764705882353
0.3607843137254902
0.058823529411764705
0.07450980392156863
0.36470588235294116
0.06666666666666667
0.0784313725490196
0.4196078431372549
0.10588235294117647
0.12549019607843137
0.5098039215686274
0.1568627450980392
0.1843137254901961
0.6078431372549019
0.2196078431372549
0.23921568627450981
0.6941176470588235
0.30196078431372547
0.3176470588235294
0.7019607843137254
0.36470588235294116
0.38823529411764707
0.6627450980392157
0.3686274509803922
0.403921568627451
0.5568627450980392
0.26666666666666666
0.2823529411764706
0.40784313725490196
0.1411764705882353
0.1411764705882353
0.32941176470588235
0.08627450980392157
0.07450980392156863
0.35294117647058826
0.10588235294117647
0.08235294117647059
0.4196078431372549
0.1450980392156863
0.12549019607843137
0.5215686274509804
0.27058823529411763
0.20784313725490197
0.4588235294117647
0.26666666666666666
0.14901960784313725
0.48627450980392156
0.2823529411764706
0.16862745098039217
0.5490196078431373
0.27058823529411763
0.21176470588235294
0.5490196078431373
0.2549019607843137
0.24705882352941178
0.40784313725490196
0.19215686274509805
0.19215686274509805
0.21176470588235294
0.12156862745098039
0.11372549019607843
0.24313725490196078
0.21176470588235294
0.23529411764705882
0.4
0.29411764705882354
0.3058823529411765
0.43137254901960786
0.16862745098039217
0.15294117647058825
0.4235294117647059
0.06666666666666667
0.08627450980392157
0.4588235294117647
0.1843137254901961
0.21176470588235294
0.47843137254901963
0.25882352941176473
0.26666666666666666
0.4235294117647059
0.16470588235294117
0.1607843137254902
0.45098039215686275
0.17254901960784313
0.17254901960784313
0.4666666666666667
0.18823529411764706
0.20784313725490197
0.4588235294117647
0.19607843137254902
0.21568627450980393
0.30980392156862746
0.10588235294117647
0.10588235294117647
0.3568627450980392
0.10196078431372549
0.11764705882352941
0.4196078431372549
0.10980392156862745
0.12941176470588237
0.48627450980392156
0.13333333333333333
0.1450980392156863
0.592156862745098
0.20392156862745098
0.2235294117647059
0.7215686274509804
0.2901960784313726
0.3333333333333333
0.807843137254902
0.3764705882352941
0.4235294117647059
0.8470588235294118
0.4470588235294118
0.49411764705882355
0.8470588235294118
0.5176470588235295
0.5607843137254902
0.8470588235294118
0.5568627450980392
0.6039215686274509
0.8352941176470589
0.5137254901960784
0.5607843137254902
0.7137254901960784
0.396078431372549
0.42745098039215684
0.47058823529411764
0.18823529411764706
0.19607843137254902
0.3568627450980392
0.09803921568627451
0.08235294117647059
0.39215686274509803
0.1411764705882353
0.11372549019607843
0.44313725490196076
0.21568627450980393
0.14901960784313725
0.4588235294117647
0.26666666666666666
0.15294117647058825
0.49411764705882355
0.28627450980392155
0.17254901960784313
0.5019607843137255
0.2196078431372549
0.15294117647058825
0.4823529411764706
0.17647058823529413
0.16470588235294117
0.36470588235294116
0.13333333333333333
0.13333333333333333
0.2196078431372549
0.12156862745098039
0.11372549019607843
0.25098039215686274
0.2235294117647059
0.24313725490196078
0.39215686274509803
0.2980392156862745
0.30196078431372547
0.4235294117647059
0.1843137254901961
0.16470588235294117
0.4392156862745098
0.10196078431372549
0.11372549019607843
0.41568627450980394
0.09019607843137255
0.10980392156862745
0.42745098039215684
0.11764705882352941
0.11372549019607843
0.45098039215686275
0.12941176470588237
0.11764705882352941
0.4549019607843137
0.12941176470588237
0.12156862745098039
0.47843137254901963
0.1568627450980392
0.16862745098039217
0.47058823529411764
0.14901960784313725
0.16862745098039217
0.35294117647058826
0.12156862745098039
0.14901960784313725
0.42745098039215684
0.16862745098039217
0.20392156862745098
0.5137254901960784
0.18823529411764706
0.22745098039215686
0.6313725490196078
0.24313725490196078
0.27058823529411763
0.7490196078431373
0.3333333333333333
0.3607843137254902
0.803921568627451
0.39215686274509803
0.44313725490196076
0.7529411764705882
0.3686274509803922
0.4235294117647059
0.7098039215686275
0.38823529411764707
0.4392156862745098
0.796078431372549
0.5686274509803921
0.6078431372549019
0.7450980392156863
0.5803921568627451
0.611764705882353
0.6274509803921569
0.43137254901960786
0.4588235294117647
0.6392156862745098
0.40784313725490196
0.4235294117647059
0.6274509803921569
0.3764705882352941
0.3803921568627451
0.4470588235294118
0.1803921568627451
0.17254901960784313
0.39215686274509803
0.11372549019607843
0.09411764705882353
0.4588235294117647
0.21176470588235294
0.1607843137254902
0.5019607843137255
0.3058823529411765
0.21568627450980393
0.5058823529411764
0.2823529411764706
0.19215686274509805
0.5254901960784314
0.2235294117647059
0.17254901960784313
0.4588235294117647
0.12941176470588237
0.11764705882352941
0.34509803921568627
0.09411764705882353
0.09019607843137255
0.22745098039215686
0.11764705882352941
0.11372549019607843
0.25882352941176473
0.22745098039215686
0.25098039215686274
0.3803921568627451
0.3058823529411765
0.3058823529411765
0.396078431372549
0.18823529411764706
0.1568627450980392
0.43529411764705883
0.14901960784313725
0.1411764705882353
0.4666666666666667
0.13333333333333333
0.15294117647058825
0.4392156862745098
0.09411764705882353
0.10588235294117647
0.4196078431372549
0.09803921568627451
0.09411764705882353
0.41568627450980394
0.11764705882352941
0.11372549019607843
0.45098039215686275
0.16470588235294117
0.1803921568627451
0.42745098039215684
0.15294117647058825
0.1803921568627451
0.3568627450980392
0.13333333333333333
0.17647058823529413
0.44313725490196076
0.20784313725490197
0.2627450980392157
0.5294117647058824
0.23137254901960785
0.27058823529411763
0.6274509803921569
0.24313725490196078
0.25098039215686274
0.6588235294117647
0.25882352941176473
0.2549019607843137
0.5882352941176471
0.24313725490196078
0.2549019607843137
0.5411764705882353
0.2549019607843137
0.2823529411764706
0.6509803921568628
0.44313725490196076
0.4823529411764706
0.45098039215686275
0.33725490196078434
0.3568627450980392
0.18823529411764706
0.13725490196078433
0.13725490196078433
0.10196078431372549
0.08235294117647059
0.054901960784313725
0.13333333333333333
0.06666666666666667
0.0392156862745098
0.3215686274509804
0.16470588235294117
0.14901960784313725
0.47843137254901963
0.22745098039215686
0.21568627450980393
0.44313725490196076
0.11764705882352941
0.10980392156862745
0.4235294117647059
0.12941176470588237
0.10588235294117647
0.403921568627451
0.17647058823529413
0.12549019607843137
0.41568627450980394
0.16470588235294117
0.10588235294117647
0.4666666666666667
0.1411764705882353
0.10588235294117647
0.4823529411764706
0.12941176470588237
0.12156862745098039
0.36470588235294116
0.09019607843137255
0.08235294117647059
0.23529411764705882
0.11764705882352941
0.11372549019607843
0.25882352941176473
0.23529411764705882
0.24705882352941178
0.403921568627451
0.34901960784313724
0.3411764705882353
0.5058823529411764
0.34901960784313724
0.30980392156862746
0.5686274509803921
0.35294117647058826
0.3333333333333333
0.596078431372549
0.403921568627451
0.403921568627451
0.5843137254901961
0.43137254901960786
0.4235294117647059
0.592156862745098
0.4823529411764706
0.45098039215686275
0.6078431372549019
0.5333333333333333
0.5019607843137255
0.6
0.5490196078431373
0.5372549019607843
0.6313725490196078
0.5843137254901961
0.5882352941176471
0.4392156862745098
0.30980392156862746
0.34509803921568627
0.5372549019607843
0.4470588235294118
0.4823529411764706
0.5843137254901961
0.4235294117647059
0.3843137254901961
0.5607843137254902
0.26666666666666666
0.11372549019607843
0.592156862745098
0.23137254901960785
0.058823529411764705
0.48627450980392156
0.1803921568627451
0.07450980392156863
0.4666666666666667
0.26666666666666666
0.2235294117647059
0.3686274509803922
0.27058823529411763
0.27058823529411763
0.12156862745098039
0.06274509803921569
0.07058823529411765
0.07450980392156863
0.03529411764705882
0.023529411764705882
0.050980392156862744
0.050980392156862744
0.027450980392156862
0.058823529411764705
0.054901960784313725
0.023529411764705882
0.12156862745098039
0.054901960784313725
0.0196078431372549
0.3058823529411765
0.12941176470588237
0.10196078431372549
0.4392156862745098
0.14901960784313725
0.13333333333333333
0.42745098039215684
0.10980392156862745
0.09803921568627451
0.43529411764705883
0.13725490196078433
0.11764705882352941
0.4549019607843137
0.15294117647058825
0.12941176470588237
0.48627450980392156
0.1607843137254902
0.1450980392156863
0.5019607843137255
0.16470588235294117
0.1568627450980392
0.4
0.11372549019607843
0.10588235294117647
0.23529411764705882
0.12156862745098039
0.11372549019607843
0.24313725490196078
0.23529411764705882
0.2196078431372549
0.4627450980392157
0.43529411764705883
0.4196078431372549
0.7529411764705882
0.6666666666666666
0.6588235294117647
0.7686274509803922
0.6784313725490196
0.6784313725490196
0.7372549019607844
0.6745098039215687
0.6666666666666666
0.7294117647058823
0.6745098039215687
0.6627450980392157
0.7137254901960784
0.6745098039215687
0.6549019607843137
0.6980392156862745
0.6666666666666666
0.6470588235294118
0.6313725490196078
0.6039215686274509
0.592156862745098
0.6352941176470588
0.6
0.592156862745098
0.4588235294117647
0.35294117647058826
0.3607843137254902
0.6666666666666666
0.6
0.6196078431372549
0.7450980392156863
0.611764705882353
0.5490196078431373
0.6549019607843137
0.39215686274509803
0.19215686274509805
0.6980392156862745
0.3411764705882353
0.13333333333333333
0.5607843137254902
0.23529411764705882
0.13333333333333333
0.36470588235294116
0.1803921568627451
0.1411764705882353
0.12941176470588237
0.07450980392156863
0.0784313725490196
0.0784313725490196
0.08235294117647059
0.07450980392156863
0.13333333333333333
0.1411764705882353
0.11372549019607843
0.13333333333333333
0.12941176470588237
0.12156862745098039
0.09019607843137255
0.09019607843137255
0.0784313725490196
0.09803921568627451
0.06666666666666667
0.03529411764705882
0.1803921568627451
0.06666666666666667
0.03529411764705882
0.35294117647058826
0.13725490196078433
0.11764705882352941
0.38823529411764707
0.1450980392156863
0.12941176470588237
0.38823529411764707
0.17254901960784313
0.14901960784313725
0.4
0.1843137254901961
0.1607843137254902
0.40784313725490196
0.19215686274509805
0.16862745098039217
0.4117647058823529
0.19607843137254902
0.17254901960784313
0.3411764705882353
0.14901960784313725
0.13333333333333333
0.2235294117647059
0.1450980392156863
0.13333333333333333
0.26666666666666666
0.2627450980392157
0.23137254901960785
0.4549019607843137
0.40784313725490196
0.38823529411764707
0.611764705882353
0.4823529411764706
0.49019607843137253
0.592156862745098
0.4549019607843137
0.4588235294117647
0.5764705882352941
0.4117647058823529
0.41568627450980394
0.5686274509803921
0.3686274509803922
0.3764705882352941
0.5490196078431373
0.35294117647058826
0.3607843137254902
0.5215686274509804
0.3215686274509804
0.32941176470588235
0.4666666666666667
0.26666666666666666
0.27450980392156865
0.4235294117647059
0.20392156862745098
0.21568627450980393
0.30196078431372547
0.18823529411764706
0.18823529411764706
0.39215686274509803
0.3058823529411765
0.3215686274509804
0.4666666666666667
0.3254901960784314
0.2980392156862745
0.48627450980392156
0.24705882352941178
0.13333333333333333
0.5372549019607843
0.23529411764705882
0.12156862745098039
0.4549019607843137
0.1843137254901961
0.1411764705882353
0.23529411764705882
0.09019607843137255
0.09019607843137255
0.09411764705882353
0.0784313725490196
0.09803921568627451
0.12156862745098039
0.17647058823529413
0.1607843137254902
0.16470588235294117
0.2235294117647059
0.18823529411764706
0.19607843137254902
0.2
0.20392156862745098
0.1607843137254902
0.1568627450980392
0.1607843137254902
0.10196078431372549
0.08627450980392157
0.07058823529411765
0.11372549019607843
0.047058823529411764
0.027450980392156862
0.28627450980392155
0.15294117647058825
0.13725490196078433
0.43137254901960786
0.30980392156862746
0.28627450980392155
0.4666666666666667
0.39215686274509803
0.3568627450980392
0.48627450980392156
0.4117647058823529
0.3764705882352941
0.5019607843137255
0.4235294117647059
0.39215686274509803
0.5215686274509804
0.4470588235294118
0.4117647058823529
0.44313725490196076
0.37254901960784315
0.3411764705882353
0.2901960784313726
0.2549019607843137
0.23529411764705882
0.35294117647058826
0.34509803921568627
0.30980392156862746
0.4823529411764706
0.3843137254901961
0.3607843137254902
0.4745098039215686
0.24313725490196078
0.24313725490196078
0.4745098039215686
0.20392156862745098
0.20392156862745098
0.4745098039215686
0.19607843137254902
0.1843137254901961
0.4627450980392157
0.17254901960784313
0.1607843137254902
0.4745098039215686
0.19215686274509805
0.17647058823529413
0.4666666666666667
0.18823529411764706
0.17254901960784313
0.4588235294117647
0.1803921568627451
0.16470588235294117
0.4196078431372549
0.1450980392156863
0.12549019607843137
0.17647058823529413
0.10980392156862745
0.11764705882352941
0.1450980392156863
0.08235294117647059
0.10980392156862745
0.17254901960784313
0.0784313725490196
0.09019607843137255
0.2235294117647059
0.08235294117647059
0.058823529411764705
0.24705882352941178
0.08627450980392157
0.050980392156862744
0.21176470588235294
0.09019607843137255
0.07450980392156863
0.13333333333333333
0.08627450980392157
0.09411764705882353
0.11764705882352941
0.12549019607843137
0.15294117647058825
0.1450980392156863
0.17254901960784313
0.1843137254901961
0.1843137254901961
0.20392156862745098
0.19215686274509805
0.23137254901960785
0.2235294117647059
0.23529411764705882
0.1843137254901961
0.17647058823529413
0.19215686274509805
0.12549019607843137
0.11372549019607843
0.10980392156862745
0.07450980392156863
0.0392156862745098
0.027450980392156862
0.2549019607843137
0.19215686274509805
0.17254901960784313
0.5647058823529412
0.5215686274509804
0.4980392156862745
0.6862745098039216
0.6745098039215687
0.6470588235294118
0.6823529411764706
0.6666666666666666
0.6431372549019608
0.6745098039215687
0.6588235294117647
0.6313725490196078
0.6862745098039216
0.6745098039215687
0.6470588235294118
0.5490196078431373
0.5333333333333333
0.5098039215686274
0.3254901960784314
0.3176470588235294
0.2980392156862745
0.396078431372549
0.39215686274509803
0.3568627450980392
0.5215686274509804
0.4
0.37254901960784315
0.5019607843137255
0.21568627450980393
0.20784313725490197
0.5333333333333333
0.19215686274509805
0.1803921568627451
0.5137254901960784
0.20392156862745098
0.17647058823529413
0.4823529411764706
0.2
0.16470588235294117
0.4823529411764706
0.20784313725490197
0.16862745098039217
0.47058823529411764
0.20784313725490197
0.16470588235294117
0.4745098039215686
0.21568627450980393
0.17254901960784313
0.45098039215686275
0.19215686274509805
0.14901960784313725
0.2980392156862745
0.27058823529411763
0.2823529411764706
0.39215686274509803
0.3568627450980392
0.3686274509803922
0.396078431372549
0.35294117647058826
0.3686274509803922
0.33725490196078434
0.29411764705882354
0.3137254901960784
0.30196078431372547
0.2784313725490196
0.2784313725490196
0.1607843137254902
0.17254901960784313
0.14901960784313725
0.07058823529411765
0.09803921568627451
0.10196078431372549
0.11372549019607843
0.13333333333333333
0.16470588235294117
0.22745098039215686
0.21568627450980393
0.25098039215686274
0.5647058823529412
0.5294117647058824
0.5529411764705883
0.5647058823529412
0.5411764705882353
0.5529411764705883
0.3137254901960784
0.30196078431372547
0.3058823529411765
0.14901960784313725
0.13725490196078433
0.12941176470588237
0.058823529411764705
0.0392156862745098
0.023529411764705882
0.2549019607843137
0.22745098039215686
0.20392156862745098
0.6627450980392157
0.6392156862745098
0.6196078431372549
0.7137254901960784
0.6980392156862745
0.6862745098039216
0.6784313725490196
0.6627450980392157
0.6509803921568628
0.6784313725490196
0.6627450980392157
0.6509803921568628
0.6784313725490196
0.6627450980392157
0.6470588235294118
0.5333333333333333
0.5176470588235295
0.5058823529411764
0.3137254901960784
0.30980392156862746
0.29411764705882354
0.39215686274509803
0.396078431372549
0.3568627450980392
0.4980392156862745
0.396078431372549
0.36470588235294116
0.45098039215686275
0.19607843137254902
0.1803921568627451
0.4666666666666667
0.1568627450980392
0.13725490196078433
0.4627450980392157
0.14901960784313725
0.13725490196078433
0.44313725490196076
0.12549019607843137
0.12941176470588237
0.43137254901960786
0.12941176470588237
0.12549019607843137
0.4392156862745098
0.1568627450980392
0.1450980392156863
0.4549019607843137
0.1843137254901961
0.16862745098039217
0.45098039215686275
0.18823529411764706
0.17254901960784313
0.3215686274509804
0.2823529411764706
0.25098039215686274
0.6352941176470588
0.5803921568627451
0.5254901960784314
0.6823529411764706
0.6392156862745098
0.592156862745098
0.6588235294117647
0.6470588235294118
0.6274509803921569
0.6470588235294118
0.6588235294117647
0.6392156862745098
0.28627450980392155
0.30196078431372547
0.27450980392156865
0.07058823529411765
0.10196078431372549
0.09803921568627451
0.10980392156862745
0.1411764705882353
0.16470588235294117
0.3843137254901961
0.4
0.43529411764705883
0.788235294117647
0.7843137254901961
0.8156862745098039
0.6980392156862745
0.6941176470588235
0.6862745098039216
0.48627450980392156
0.4745098039215686
0.4588235294117647
0.24313725490196078
0.2235294117647059
0.20392156862745098
0.06666666666666667
0.0392156862745098
0.01568627450980392
0.2549019607843137
0.22745098039215686
0.2
0.6705882352941176
0.6549019607843137
0.6313725490196078
0.6980392156862745
0.6862745098039216
0.6705882352941176
0.6627450980392157
0.6509803921568628
0.6313725490196078
0.6705882352941176
0.6588235294117647
0.6392156862745098
0.6627450980392157
0.6509803921568628
0.6313725490196078
0.5294117647058824
0.5176470588235295
0.5019607843137255
0.3176470588235294
0.30980392156862746
0.2901960784313726
0.3764705882352941
0.39215686274509803
0.3568627450980392
0.4588235294117647
0.4
0.3607843137254902
0.44313725490196076
0.2627450980392157
0.24313725490196078
0.4823529411764706
0.27058823529411763
0.24705882352941178
0.49019607843137253
0.2784313725490196
0.2784313725490196
0.5176470588235295
0.3058823529411765
0.3254901960784314
0.5333333333333333
0.3411764705882353
0.35294117647058826
0.5529411764705883
0.3843137254901961
0.38823529411764707
0.5686274509803921
0.41568627450980394
0.41568627450980394
0.5529411764705883
0.43137254901960786
0.4196078431372549
0.6
0.5529411764705883
0.49019607843137253
0.6784313725490196
0.6196078431372549
0.5372549019607843
0.6431372549019608
0.6
0.5215686274509804
0.6549019607843137
0.6431372549019608
0.5882352941176471
0.6627450980392157
0.6549019607843137
0.6196078431372549
0.24705882352941178
0.23137254901960785
0.21568627450980393
0.0784313725490196
0.08235294117647059
0.08627450980392157
0.16470588235294117
0.1843137254901961
0.2
0.47058823529411764
0.4980392156862745
0.5254901960784314
0.5882352941176471
0.611764705882353
0.6352941176470588
0.5764705882352941
0.5686274509803921
0.5529411764705883
0.6
0.5803921568627451
0.5529411764705883
0.34509803921568627
0.3176470588235294
0.2901960784313726
0.07058823529411765
0.043137254901960784
0.011764705882352941
0.25098039215686274
0.23137254901960785
0.2
0.6392156862745098
0.6352941176470588
0.611764705882353
0.6274509803921569
0.6352941176470588
0.6196078431372549
0.592156862745098
0.6
0.5843137254901961
0.596078431372549
0.6039215686274509
0.5882352941176471
0.592156862745098
0.6
0.5843137254901961
0.49411764705882355
0.49411764705882355
0.47843137254901963
0.3254901960784314
0.3176470588235294
0.2980392156862745
0.3333333333333333
0.34509803921568627
0.3137254901960784
0.4470588235294118
0.4235294117647059
0.38823529411764707
0.5647058823529412
0.47058823529411764
0.45098039215686275
0.5725490196078431
0.47058823529411764
0.45098039215686275
0.5333333333333333
0.4627450980392157
0.4470588235294118
0.5019607843137255
0.4549019607843137
0.44313725490196076
0.4666666666666667
0.43137254901960786
0.41568627450980394
0.4196078431372549
0.4
0.3803921568627451
0.36470588235294116
0.3568627450980392
0.3333333333333333
0.28627450980392155
0.28627450980392155
0.26666666666666666
0.4470588235294118
0.4235294117647059
0.3764705882352941
0.4549019607843137
0.43137254901960786
0.3764705882352941
0.4666666666666667
0.44313725490196076
0.39215686274509803
0.5490196078431373
0.5333333333333333
0.4823529411764706
0.4666666666666667
0.4549019607843137
0.4235294117647059
0.13725490196078433
0.12549019607843137
0.12549019607843137
0.09803921568627451
0.09019607843137255
0.09803921568627451
0.24705882352941178
0.24705882352941178
0.2549019607843137
0.5294117647058824
0.5294117647058824
0.5372549019607843
0.5176470588235295
0.5137254901960784
0.5215686274509804
0.6
0.5764705882352941
0.5568627450980392
0.6666666666666666
0.6392156862745098
0.611764705882353
0.3843137254901961
0.3568627450980392
0.32941176470588235
0.06666666666666667
0.050980392156862744
0.023529411764705882
0.2235294117647059
0.21568627450980393
0.1843137254901961
0.5411764705882353
0.5450980392156862
0.5254901960784314
0.5529411764705883
0.5647058823529412
0.5607843137254902
0.5686274509803921
0.5843137254901961
0.5803921568627451
0.596078431372549
0.6078431372549019
0.6039215686274509
0.6078431372549019
0.6196078431372549
0.615686274509804
0.592156862745098
0.6
0.596078431372549
0.5725490196078431
0.5647058823529412
0.5450980392156862
0.4392156862745098
0.42745098039215684
0.40784313725490196
0.23921568627450981
0.22745098039215686
0.20784313725490197
0.27058823529411763
0.24705882352941178
0.22745098039215686
0.2235294117647059
0.2
0.1803921568627451
0.16862745098039217
0.1607843137254902
0.1411764705882353
0.12549019607843137
0.12941176470588237
0.10588235294117647
0.09803921568627451
0.10196078431372549
0.0784313725490196
0.07450980392156863
0.08235294117647059
0.058823529411764705
0.06274509803921569
0.07058823529411765
0.047058823529411764
0.043137254901960784
0.047058823529411764
0.03137254901960784
0.25882352941176473
0.24313725490196078
0.20784313725490197
0.14901960784313725
0.13333333333333333
0.09803921568627451
0.1568627450980392
0.1411764705882353
0.10588235294117647
0.2235294117647059
0.20784313725490197
0.16862745098039217
0.17254901960784313
0.1607843137254902
0.1450980392156863
0.09411764705882353
0.08627450980392157
0.09411764705882353
0.11372549019607843
0.10980392156862745
0.10588235294117647
0.27450980392156865
0.27058823529411763
0.25882352941176473
0.5411764705882353
0.5411764705882353
0.5137254901960784
0.5294117647058824
0.5254901960784314
0.49411764705882355
0.6235294117647059
0.596078431372549
0.5725490196078431
0.6313725490196078
0.6039215686274509
0.5803921568627451
0.34901960784313724
0.32941176470588235
0.30196078431372547
0.07058823529411765
0.06274509803921569
0.03529411764705882
0.15294117647058825
0.15294117647058825
0.12549019607843137
0.5215686274509804
0.5254901960784314
0.5019607843137255
0.6705882352941176
0.6705882352941176
0.6588235294117647
0.6745098039215687
0.6745098039215687
0.6627450980392157
0.6705882352941176
0.6705882352941176
0.6588235294117647
0.6588235294117647
0.6588235294117647
0.6470588235294118
0.6549019607843137
0.6549019607843137
0.6392156862745098
0.6392156862745098
0.6352941176470588
0.615686274509804
0.403921568627451
0.396078431372549
0.3764705882352941
0.07058823529411765
0.06666666666666667
0.047058823529411764
0.047058823529411764
0.043137254901960784
0.023529411764705882
0.043137254901960784
0.03529411764705882
0.01568627450980392
0.0392156862745098
0.0392156862745098
0.023529411764705882
0.0392156862745098
0.0392156862745098
0.03137254901960784
0.043137254901960784
0.043137254901960784
0.0392156862745098
0.047058823529411764
0.047058823529411764
0.0392156862745098
0.047058823529411764
0.047058823529411764
0.0392156862745098
0.043137254901960784
0.043137254901960784
0.0392156862745098
0.3607843137254902
0.34901960784313724
0.3215686274509804
0.1450980392156863
0.13333333333333333
0.10588235294117647
0.09411764705882353
0.08235294117647059
0.054901960784313725
0.09019607843137255
0.0784313725490196
0.047058823529411764
0.09803921568627451
0.08627450980392157
0.0784313725490196
0.10980392156862745
0.10196078431372549
0.11372549019607843
0.11372549019607843
0.10980392156862745
0.10196078431372549
0.23529411764705882
0.23137254901960785
0.2
0.4588235294117647
0.4588235294117647
0.40784313725490196
0.5019607843137255
0.5058823529411764
0.44313725490196076
0.5372549019607843
0.5137254901960784
0.48627450980392156
0.5450980392156862
0.5215686274509804
0.5058823529411764
0.25882352941176473
0.24705882352941178
0.22745098039215686
0.08627450980392157
0.08235294117647059
0.06274509803921569
0.1411764705882353
0.1411764705882353
0.11764705882352941
0.4235294117647059
0.41568627450980394
0.39215686274509803
0.5607843137254902
0.5450980392156862
0.5254901960784314
0.5215686274509804
0.5058823529411764
0.48627450980392156
0.4666666666666667
0.45098039215686275
0.42745098039215684
0.3843137254901961
0.3686274509803922
0.34509803921568627
0.30196078431372547
0.28627450980392155
0.26666666666666666
0.20784313725490197
0.20392156862745098
0.18823529411764706
0.10980392156862745
0.10980392156862745
0.09411764705882353
0.06666666666666667
0.07058823529411765
0.050980392156862744
0.07450980392156863
0.07450980392156863
0.058823529411764705
0.07450980392156863
0.0784313725490196
0.058823529411764705
0.07450980392156863
0.07450980392156863
0.07058823529411765
0.07450980392156863
0.07450980392156863
0.0784313725490196
0.0784313725490196
0.0784313725490196
0.08235294117647059
0.08235294117647059
0.08235294117647059
0.08627450980392157
0.09019607843137255
0.09019607843137255
0.09411764705882353
0.09411764705882353
0.10196078431372549
0.10196078431372549
0.1411764705882353
0.13725490196078433
0.12156862745098039
0.12156862745098039
0.11764705882352941
0.10196078431372549
0.10980392156862745
0.10196078431372549
0.09019607843137255
0.09411764705882353
0.09019607843137255
0.07450980392156863
0.08627450980392157
0.0784313725490196
0.0784313725490196
0.10196078431372549
0.09411764705882353
0.10588235294117647
0.10588235294117647
0.10196078431372549
0.09411764705882353
0.16862745098039217
0.16470588235294117
0.13333333333333333
0.32941176470588235
0.3333333333333333
0.2784313725490196
0.38823529411764707
0.39215686274509803
0.32941176470588235
0.5411764705882353
0.5254901960784314
0.4980392156862745
0.43529411764705883
0.4196078431372549
0.40784313725490196
0.15294117647058825
0.1450980392156863
0.12941176470588237
0.06666666666666667
0.06666666666666667
0.047058823529411764
0.07450980392156863
0.08235294117647059
0.058823529411764705
0.13725490196078433
0.13725490196078433
0.11372549019607843
0.14901960784313725
0.13333333333333333
0.11372549019607843
0.11764705882352941
0.10196078431372549
0.08235294117647059
0.09803921568627451
0.08235294117647059
0.058823529411764705
0.08627450980392157
0.06666666666666667
0.047058823529411764
0.0784313725490196
0.06666666666666667
0.047058823529411764
0.07450980392156863
0.07450980392156863
0.06274509803921569
0.08235294117647059
0.08627450980392157
0.0784313725490196
0.09411764705882353
0.09803921568627451
0.09019607843137255
0.10980392156862745
0.10980392156862745
0.10196078431372549
0.13333333333333333
0.13333333333333333
0.12549019607843137
0.15294117647058825
0.15294117647058825
0.15294117647058825
0.1843137254901961
0.1843137254901961
0.18823529411764706
0.21176470588235294
0.21176470588235294
0.2196078431372549
0.24313725490196078
0.24313725490196078
0.25098039215686274
0.2784313725490196
0.2784313725490196
0.28627450980392155
0.3137254901960784
0.3215686274509804
0.3176470588235294
0.07450980392156863
0.07058823529411765
0.07058823529411765
0.07058823529411765
0.07058823529411765
0.07058823529411765
0.07058823529411765
0.07058823529411765
0.07058823529411765
0.06274509803921569
0.06274509803921569
0.06274509803921569
0.058823529411764705
0.054901960784313725
0.058823529411764705
0.0784313725490196
0.06666666666666667
0.0784313725490196
0.09411764705882353
0.09019607843137255
0.08627450980392157
0.11372549019607843
0.10980392156862745
0.09411764705882353
0.2235294117647059
0.2235294117647059
0.19215686274509805
0.3686274509803922
0.3686274509803922
0.3333333333333333
0.4588235294117647
0.4470588235294118
0.43529411764705883
0.25098039215686274
0.23921568627450981
0.23137254901960785
0.08235294117647059
0.08235294117647059
0.06666666666666667
0.047058823529411764
0.054901960784313725
0.0392156862745098
0.043137254901960784
0.058823529411764705
0.0392156862745098
0.06274509803921569
0.07058823529411765
0.050980392156862744
0.0784313725490196
0.0784313725490196
0.06274509803921569
0.09019607843137255
0.09019607843137255
0.0784313725490196
0.10588235294117647
0.10588235294117647
0.09411764705882353
0.13333333333333333
0.12941176470588237
0.11764705882352941
0.1607843137254902
0.1607843137254902
0.14901960784313725
0.18823529411764706
0.19607843137254902
0.19215686274509805
0.2196078431372549
0.22745098039215686
0.2235294117647059
0.24705882352941178
0.2549019607843137
0.25098039215686274
0.2823529411764706
0.2901960784313726
0.28627450980392155
0.3215686274509804
0.32941176470588235
0.3254901960784314
0.3607843137254902
0.36470588235294116
0.3607843137254902
0.41568627450980394
0.41568627450980394
0.4117647058823529
0.4666666666666667
0.4666666666666667
0.4588235294117647
0.5215686274509804
0.5215686274509804
0.5176470588235295
0.5725490196078431
0.5725490196078431
0.5686274509803921
0.615686274509804
0.615686274509804
0.6078431372549019
0.09019607843137255
0.09411764705882353
0.10196078431372549
0.0784313725490196
0.08235294117647059
0.09019607843137255
0.07450980392156863
0.07450980392156863
0.08235294117647059
0.06274509803921569
0.06666666666666667
0.07450980392156863
0.06274509803921569
0.058823529411764705
0.06666666666666667
0.07058823529411765
0.06274509803921569
0.06666666666666667
0.0784313725490196
0.07450980392156863
0.0784313725490196
0.08627450980392157
0.0784313725490196
0.08235294117647059
0.12549019607843137
0.11764705882352941
0.12156862745098039
0.23529411764705882
0.22745098039215686
0.23137254901960785
0.2196078431372549
0.21176470588235294
0.20784313725490197
0.12549019607843137
0.12156862745098039
0.11372549019607843
0.12156862745098039
0.12156862745098039
0.11372549019607843
0.12941176470588237
0.1411764705882353
0.12549019607843137
0.15294117647058825
0.17254901960784313
0.1568627450980392
0.1843137254901961
0.2
0.18823529411764706
0.2196078431372549
0.23137254901960785
0.22745098039215686
0.2549019607843137
0.26666666666666666
0.26666666666666666
0.2901960784313726
0.30196078431372547
0.30196078431372547
0.32941176470588235
0.34509803921568627
0.3411764705882353
0.3686274509803922
0.3803921568627451
0.3764705882352941
0.4117647058823529
0.4235294117647059
0.4196078431372549
0.4549019607843137
0.47058823529411764
0.4666666666666667
0.5019607843137255
0.5137254901960784
0.5098039215686274
0.5647058823529412
0.5764705882352941
0.5725490196078431
0.5882352941176471
0.6
0.596078431372549
0.5176470588235295
0.5254901960784314
0.5098039215686274
0.592156862745098
0.596078431372549
0.5725490196078431
0.6078431372549019
0.611764705882353
0.5882352941176471
0.6509803921568628
0.6549019607843137
0.6313725490196078
0.6705882352941176
0.6745098039215687
0.6549019607843137
0.6588235294117647
0.6588235294117647
0.6352941176470588
