5 3
0.14012887
-0.05422753
-0.033355314
-0.10666091
0.060968418
-0.01446127
-0.070738666
0.15912665
0.084314935
-0.037750226
0.08757855
0.062453616
-0.08019335
0.18482305
0.0012691335
0.20091906
0.20714866
-0.17011307
0.012974616
0.04058269
-0.14834729
0.059710946
-0.16521735
-0.18517616
-0.049110483
-0.09453108
0.15901773
0.07230994
0.022153126
-0.036858425
0.19929548
0.13894738
0.17351973
0.2081455
-0.18064176
0.18376535
0.0712579
-0.22312523
-0.084053606
-0.07428258
-0.1408239
0.176761
-0.1096793
-0.05296065
-0.10453982
-0.009392897
-0.019251706
0.20530243
0.1083432
-0.11976805
0.11131754
-0.14835538
-0.08675927
0.009396654
-0.20207301
0.06941256
0.19956394
-0.0029904235
0.19466695
-0.15732196
0.09894754
0.15947002
-0.0987631
0.07885398
-0.03469912
-0.009371749
-0.039741315
-0.0992587
-0.15331626
0.036277514
0.054916482
-0.1618495
0.17201571
-0.23256682
0.17604458
-0.0677073
-0.1403777
-0.032926865
0.249515
0.088953756
0.11237936
-0.03338992
0.017096998
-0.05995975
-0.042949725
-0.016181935
-0.02700921
-0.09425867
-0.14729095
-0.005527583
0.21483283
-0.03944524
-0.014988322
0.18736738
0.05006462
-0.09255149
0.033984415
-0.21853241
0.1458606
-0.20622589
-0.08148596
0.17754441
0.15820867
-0.103601485
0.03709522
0.2149148
-0.12549883
-0.18025407
-0.11446445
0.1424647
-0.02081802
-0.01855118
0.13360654
-0.072857894
0.0580243
0.022490628
-0.26005122
0.006968978
-0.060720984
-0.024115521
-0.22647499
-0.061330676
-0.027451353
-0.0352169
-0.13038065
0.050334904
0.09770602
0.034449916
0.09683402
-0.25211135
-0.013566663
-0.12260155
-0.0015139529
0.18078165
-0.0013422517
-0.110929996
0.035116456
0.15327387
0.10224834
-0.080387
0.0022761875
0.04197778
0.078906655
0.14043023
-0.18141624
-0.12692593
-0.12715302
-0.1298455
-0.12377869
0.03381104
0.061578795
-0.24422449
-0.17730503
-0.1730015
0.1859039
-0.02762033
0.060545076
0.21568623
-0.067210734
-0.14003275
-0.015241813
-0.19868529
0.036802728
-0.15269591
0.07706779
-0.094312884
0.22896247
0.07224196
-0.1337308
-0.06621484
-0.03292385
-0.2415899
0.17692648
-0.017946396
-0.05414614
-0.111064024
0.03957301
-0.15659909
0.12707983
0.31357983
0.022205878
0.23567177
0.10692396
0.24330106
0.21926576
0.0641873
0.12662843
0.04659856
-0.009786351
0.0979578
-0.086598635
0.095133014
0.20052814
0.22180663
0.12991527
0.10079575
-0.006081189
0.16641143
-0.045511093
0.18088874
-0.20329799
0.19072776
0.24118508
-0.21977314
-0.16976169
-0.08874774
-0.10057121
0.13671458
0.15337397
0.00072500727
-0.08510324
0.20614962
-0.02145427
0.05403865
-0.2021672
0.01634675
0.0722668
-0.0121678
-0.11928978
-0.026558334
-0.18032365
-0.03078827
0.050128132
-0.10972242
0.0209659
