3 5
0.1569319
0.35037455
-0.08568943
0.048158467
0.16490225
0.2109341
-0.20264034
-0.10074627
0.03208314
0.27788302
-0.17963967
-0.17361817
0.1834914
-0.06970589
-0.28186488
0.07033326
-0.21568888
0.0071566
0.027585872
0.14697921
-0.19375135
0.2485274
-0.017880289
-0.014791338
0.11386531
-0.14373644
-0.005345812
-0.05749022
0.267156
0.07360535
0.056896627
-0.10127607
-0.25675717
-0.23111382
-0.12973455
-0.2316959
0.2847319
0.07034859
0.22350742
-0.1350286
0.09019212
0.066912234
0.41412902
0.41527084
0.27631795
0.22032931
-0.17934155
0.07640143
0.33055416
-0.0062070712
-0.25171012
0.34037632
-0.23251703
-0.14221363
-0.013440825
-0.06827821
0.17061555
0.054539867
0.23324855
0.055265456
0.19508035
0.16385673
-0.24881832
0.26802143
-0.16199873
-0.34874433
-0.21549276
-0.07758378
-0.0991515
0.14729671
-0.11081492
-0.32489455
-0.043031894
0.27037647
-0.05672178
0.32885343
0.016027866
-0.24318811
-0.26413596
0.10064087
0.09993031
0.01616908
-0.117520206
0.10049495
-0.04113723
-0.40443137
-0.5145962
0.027186032
0.41907862
-0.14346625
0.0393117
-0.09613138
0.25207505
0.09009565
0.31084886
-0.16516884
0.16696326
0.008860787
-0.09027792
0.24618077
-0.2870683
-0.17522041
-0.11872406
0.42316958
-0.24893934
0.2669173
-0.1311418
0.20701866
0.11180577
0.057626184
0.1203807
-0.11121327
0.18240544
-0.005576424
0.3006235
-0.3167048
0.018427588
-0.2984809
0.173316
-0.19646266
-0.11221413
0.04150769
0.28503177
-0.20596127
0.04389603
-0.14844988
-0.2260248
0.10158741
-0.24772027
0.05142742
-0.23118016
0.12581038
0.027134899
0.29541755
-0.11080698
