10
-0.15634583
0.08465314
-0.33968464
0.065887265
-0.01017343
-0.39840293
-0.66310465
-0.5585962
-0.34018537
-0.06692226
-0.3034318
-0.385613
-0.33671796
-0.17302
0.020507919
0.16628379
-0.027375767
-0.34241298
-0.4362651
-0.36676413
-0.037030883
-0.7107472
0.08556966
-0.41015506
0.0045383554
-0.051811572
-0.3250017
-0.19442531
-0.046596948
0.0685033
-0.30742288
-0.13553539
0.039073918
0.14235939
-0.09256094
-0.3677304
-0.2135173
-0.008639897
-0.11408043
-1.0812352
-0.058557816
0.04854571
0.20196159
-0.026380138
-0.1641938
-0.6045728
0.011923921
-0.044648863
-0.12086249
-0.057722926
-0.0068784594
-0.07926718
-0.30176765
0.044395644
-0.016608343
-0.39650494
0.022394987
-0.1909694
-0.14428404
-0.25718325
-0.09370634
0.14123245
-0.12805554
-0.5383614
-0.48239526
0.14780848
0.0010082747
-0.22526494
-0.08363108
-0.0535087
0.15937984
-0.037651446
-0.20594147
-0.44329306
-0.3747709
-0.6262792
-0.45948988
-0.33650213
-0.2559408
-0.44667688
0.04216352
-0.09166782
-0.4365835
-0.28196192
0.053094294
-0.53945076
-0.06985859
0.089703165
-0.14817889
-0.012801516
-0.07043772
-0.01010525
-0.13528855
-0.06902505
-0.17883986
-0.0749636
0.0558148
0.02685123
-0.21327393
-0.18277699
0.004068507
0.27819684
-0.05394457
0.018702557
-0.0068784277
-0.07304498
-0.4409638
-0.033549916
-0.088731945
-0.64971846
0.0007239537
0.04749928
-0.014864905
-0.4720244
-0.14673382
-0.38773218
-0.2998524
0.033197068
-0.291353
-0.32817477
-0.013706984
-0.6088774
-0.38437206
-0.189585
-0.27183163
-0.21410318
-0.16447882
-0.117333725
-0.089034006
-0.35990465
0.0897855
-0.051775616
-0.1353988
-0.054977547
-0.015689949
-0.011113362
-0.04227852
-0.01885918
-0.049781125
-0.2617218
0.010645174
-0.4188748
-0.0042851022
-0.029629737
-0.087563835
-0.14263776
0.008350687
0.110019214
0.5113755
-0.20601465
0.054706622
-0.03456388
-0.17008796
-0.2530332
-0.48309496
-0.030917514
-0.031685494
-0.13246797
-0.16231994
-0.2666462
-0.16972621
-0.17454131
0.21041046
-0.101999015
-0.002730367
-0.26973867
-0.20818311
-0.21408603
-0.21268143
0.08464248
-0.6749542
-0.19915573
-0.1159458
0.02221732
-0.03825719
-0.16696943
-0.10920167
-0.08262642
-0.05793758
0.018100044
-0.16933587
-0.2389983
-0.009060952
0.11222877
-0.03466549
-0.28393406
-0.14252673
-0.10665557
0.035656188
-0.41537416
-0.2029103
-0.1984998
0.039585803
-0.13011128
-0.06009791
0.037851628
-0.09938756
-0.3394272
-0.46124128
0.034340616
0.041601796
-0.19560358
-0.011620455
-0.06355657
0.0069012973
-0.35309303
-0.0637356
0.014645367
-0.10170624
-0.3393985
-0.1681579
-0.37915853
-0.035221405
-0.15415022
-0.3015033
-0.33865923
-0.16035247
-0.14820139
-0.32808465
-0.15527841
-0.32981828
-0.325225
-0.5193192
-0.039235484
-0.060287777
-0.44309253
0.04545072
0.23157293
-0.26295206
0.015905732
-0.091851205
0.019749563
-0.058742944
-0.30942157
-0.5204244
-0.067036845
-0.5248303
-0.038149424
-0.66795796
-0.42785364
-0.5302899
-0.2561316
-0.31623867
0.09215388
0.011886427
-0.3040248
-0.069143265
-0.3640097
-0.059427295
0.4472849
-0.14564031
-0.0064583356
0.041964114
-0.116163254
-0.07100119
-0.17117043
0.0036014954
-0.29349133
0.12755278
-0.23616083
-0.018471833
-0.01165536
-0.13117374
-0.36098015
-0.24739344
-0.2312251
0.04122799
-0.70028836
0.08024079
-0.026508575
-0.3620128
-0.116355285
-0.27621332
-0.27306372
-0.02967027
-0.4135689
-0.46147397
-0.34495193
-0.037236243
-0.21303725
-0.13397017
-0.056964632
-0.047638744
-0.36621475
-0.16251168
-0.4467164
-0.30679053
-0.14152299
-0.11048777
-0.5924936
-0.32689115
-0.03214861
-0.14159933
-0.24818596
-0.07271619
-0.045759447
-0.66729426
-0.27434012
-0.81961447
-0.12497746
-0.06263599
-0.15945828
-0.062315587
-0.055342473
-0.28417128
-0.08107425
0.0700249
-0.16945022
-0.37915248
-0.475844
-0.0697947
0.020607032
-0.3935919
-0.6349524
-0.34615183
-0.07068504
-0.034101404
-0.021751558
0.060501937
0.0011704038
-0.30116522
-0.07675707
-0.5557316
-0.25786483
0.019320758
-0.057427928
0.009463511
0.0855318
-0.6361053
-0.04505463
-0.13346443
0.050794706
-0.16456689
-0.15859213
-0.18870816
-0.098030925
-0.4727591
-0.118892536
0.08215113
-0.55141026
-0.024136713
0.008561782
-1.0332488
0.036340937
0.026428582
-0.24871528
-0.1965191
-0.800302
-0.020165103
-0.0262053
-0.19398418
-0.03624958
0.0219536
-0.59664655
-0.098556004
-0.01515736
-0.06464693
-0.35843942
-0.10931593
-0.17382412
-0.019765968
-0.015346888
0.008346651
-0.18208207
0.03314693
-0.120948575
-0.1451117
0.026171532
-0.1495336
-0.029100481
-0.05609909
-0.26268712
-0.07952256
0.0031910497
-0.55267894
-0.58781344
-0.4958094
-0.0053019864
-0.27575165
-0.007499411
-0.012422006
-0.60469514
0.11457145
-0.36030987
-0.31110436
-0.28527978
-0.24108905
-0.31211978
-0.066486456
-0.38725463
-0.33807215
-0.060624648
0.04596588
-0.6948116
-0.047535278
-0.031740632
-0.5838506
-0.11846426
-0.34725636
0.049525417
-0.11088148
-0.49485016
-0.10822054
-0.48569015
-0.501883
-0.21830943
0.05300148
-0.45691136
-0.013318087
-0.35777414
-0.12232901
-0.082125284
-0.25198877
0.05997511
0.012531947
-0.5992432
-0.3664551
-0.056028888
-0.43741804
-0.5276316
-0.2539364
-0.10471045
0.0196753
-0.5014466
0.06752903
-0.098728664
-0.40061817
-0.105476044
-0.18040866
-0.0630756
-0.09110724
-0.37233582
-0.35420242
-0.11648969
0.024953183
-0.3158673
0.004410599
-0.2123774
-0.19679308
-0.32488695
0.004595461
0.016585192
0.0022333853
-0.34100375
-0.08809888
0.045272205
-0.16987363
-0.15821818
-0.34150097
-0.12581359
-0.07124952
-0.26060727
-0.10969945
0.07606937
-0.1574501
0.082406126
-0.063048415
0.013076131
-0.6460018
-0.05660998
-0.41452187
-0.10994076
-0.035194732
0.017943207
-0.30116037
-0.42284104
-0.6001477
-0.4692691
-0.088447124
0.06601692
-0.4702888
-0.009168782
-0.09371435
0.08373393
-0.21619596
0.04601414
0.07105723
-0.18568592
-0.12271098
-0.011988234
0.038144525
0.24008769
-0.34638152
0.11255517
-0.623015
0.037377384
-0.12717257
0.091116495
-0.25020298
0.119186886
-0.13598937
-0.73609066
-0.06667776
-0.61188406
-0.45284292
-0.102649026
0.07623422
0.06537655
-0.34590748
-0.16666533
-0.0111426525
0.30922878
-0.027557991
-0.37426037
-0.14288673
-0.27958697
-0.50972104
-0.56678617
-0.2195395
0.26630595
-0.19171381
-0.13339907
-0.18298666

-0.037644293
-0.59152675
-0.41450328
-0.060987335
0.10845051
-0.57791615
-0.0010882656
-0.24815026
-0.6863505
-0.014767885
0.05251785
-0.11639701
-0.47677028
-0.90541005
-0.082083836
-0.34745035
0.0018180897
-0.19000004
-0.08514697
-0.08316676
-0.041723043
-0.3417762
0.17863256
0.14275289
-0.09514252
-0.0346291
-0.93216294
-0.048838414
-0.13093862
-0.00060242694
0.017537098
0.12951516
-0.16634637
-0.50151956
-0.2890151
-0.030368559
-0.3840278
0.09391761
-0.11350497
-0.7061198
-0.34951958
-0.07786517
-0.906939
-0.06606656
-0.048028495
-0.39335
-0.6192236
-0.097298145
-0.15304866
-0.49695694
0.032499254
-0.24492873
-0.124876566
-0.6685629
-0.74796367
-0.121628374
0.03985864
0.12432433
-0.19541709
-0.5035508
-0.21587928
-0.39436725
-0.12914109
-0.8093405
-0.06321468
-0.9635048
-0.39157137
-0.10328612
0.007392753
0.029440753
-0.15954685
-0.09441732
0.025058193
0.07139058
-0.3571573
-0.6022431
-0.3927037
-0.61365706
0.12958299
-0.51177764
0.013086343
0.04081607
-0.21098065
0.12880005
0.081209294
-0.45248258
-0.69410604
-0.015519876
-0.10329397
-0.08526396
-0.0569048
-0.18002552
-0.16400087
-0.04001749
0.043984592
-0.45180067
-0.6518456
0.09243306
-0.07657882
0.080820374
-0.080580086
-0.83444893
0.08124497
-0.053091682
-0.22287224
0.023144938
0.06556155
0.024011947
0.002215694
-0.26975393
-0.107865855
-0.14025405
-0.054512333
-0.37242046
-0.12580451
0.15095483
-0.047761705
-0.15253346
-0.16916403
-0.22417799
-0.090758085
-0.08191053
-0.05479365
-0.4043924
-0.4506268
-0.3192904
-0.2393209
-0.1703996
-0.12704225
0.014662139
-0.05850716
-0.09434655
-0.0054618106
-0.10990916
-0.17410387
0.06493073
-0.06471248
-0.29948023
-0.073016874
0.009091955
0.030333301
-0.24085443
-0.014078039
-0.083386905
-0.013809926
-0.22925727
-0.024501046
-0.15780137
-0.7320458
-0.08179594
-0.059987377
-0.091978006
-0.063053004
-0.2967784
0.20509726
-0.07185273
-0.0108315125
-0.16200383
0.018966697
-0.07235904
0.010938665
-0.06451056
-0.24707058
0.043875165
-0.058844045
-0.11767986
0.062893905
0.04883193
-0.12425555
0.061088283
-0.48299167
-0.06822811
-0.2862099
-0.015676813
-0.19616282
-0.07425582
0.057590216
-0.006831411
-0.14715487
-0.5046028
0.055619612
-0.7815632
-0.08963392
-0.07116996
-0.10721627
-0.011386614
-0.29540074
-0.72974294
-0.5346633
-0.71311295
0.08418321
0.014219104
-0.0638711
-0.0146722095
0.00076611224
-0.02092901
-0.10127931
-0.16539155
0.23478223
-0.05855008
-1.0576642
0.0071977917
-0.34031233
-0.21246195
-0.18918347
-0.04599904
-0.36635783
-0.3952287
-0.3897544
-0.79193205
-0.04451917
0.21766798
-0.052776158
-0.0013756825
-0.27892074
-0.39151645
-0.0107515585
0.042311102
-0.5381412
-0.54306847
-0.018638486
-0.01601465
-0.58717525
-0.04014418
0.20142737
-0.06531136
-0.25891843
-0.2875216
-0.5055501
-0.13151366
0.09651745
-0.021113742
-0.45963255
-0.4774993
-0.14335337
0.047690343
0.19544026
-0.036666766
0.1205613
0.065663636
-0.15418476
-0.0056005092
0.05651558
-0.41994965
-0.080103986
0.16662824
-0.0005377378
-0.3804029
-0.19216104
-1.3895144
-0.50058657
-0.14573324
0.017389055
-0.32809097
-0.025944278
-0.499536
-0.051519003
-0.56155014
-0.44031277
-0.09614269
0.029413676
-0.13336964
-0.25638923
0.39383894
-0.049515583
-1.0790341
-0.48182487
0.193455
-0.6123964
-0.43246704
-0.16433902
-0.14581934
-0.37266412
-0.5550029
0.04673186
-0.45538792
-0.4413893
-0.3187141
-0.013044856
-0.20277548
-0.1320706
-0.29455894
-0.29479662
-0.16877387
0.0028082423
-0.29093382
-0.44581276
-0.08447522
-0.055411834
-0.23788096
0.2535466
-0.16276439
-0.01667156
-0.07162004
-0.04074319
0.055500597
-0.13386871
-0.16499716
-0.27869457
-0.15716834
-0.2466013
0.14876536
-0.02043967
-0.41977888
0.08801693
-0.17077027
-0.2901573
-0.39404035
-0.5002314
-0.5214784
-0.33928147
-0.29733154
-0.36612067
-0.5013642
0.14662012
-0.19702215
-0.08722015
-0.14794981
-0.100265
0.07418084
-0.0934906
-0.028871123
-0.5720241
-0.14520594
0.04918488
-0.7457937
-0.18208349
-0.046661604
-1.1517808
-0.10524241
-0.20520335
0.045896433
-0.5499935
-0.589051
-0.14599405
-0.027631484
0.13910088
-0.252194
-0.07642759
-0.3227153
-0.039619673
-0.09670445
-0.6602852
-0.08626113
-0.19663933
-0.041484762
-0.23794766
-0.55962133
-0.04462454
0.032000154
0.00974409
-0.1388925
-0.30045688
-0.22917101
0.12208105
0.031505566
-0.102043554
0.045041665
0.025228554
-0.008770026
0.027752202
-0.025573585
-0.080564655
-0.35362655
-0.06825254
-0.26320475
-0.041133102
-0.19352844
-0.044846125
-0.008037636
-0.2996544
0.06748368
-0.008559843
-0.2191153
-0.52971905
0.089990586
0.088885926
-0.12974913
0.12824231
-0.6096481
0.030484777
-0.81564534
-0.308763
0.012730031
-0.5212372
-0.33953527
-0.21107017
-0.65454835
-0.08404637
-0.42344344
0.1526617
-0.026174491
-0.16546896
-0.34985113
-0.011942125
-0.031586513
0.14530256
-0.0030274831
-0.042572863
-0.011317067
-0.04767681
0.010793521
-0.024905076
-0.20478322
-0.14638142
-0.60316265
-0.019407712
0.0975703
-0.066376686
-0.017931644
0.019080244
-0.040186267
-0.47886297
-0.39248112
-0.5322112
0.0018222196
0.15067308
-0.31261978
-0.1031373
0.1594175
0.26328656
-0.12082298
-0.092556246
-0.044975217
-0.044216614
-0.84773123
0.051371776
-0.11387272
-0.015313771
-0.00073227106
0.132541
-0.016356815
-0.1392783
-0.42127562
-0.08290616
-0.0095542185
-0.18857414
-0.19021773
0.11241371
-0.07854401
0.17583296
-0.0085594235
0.048501585
-0.55886644
-0.36034954
-0.2259366
-0.16678718
-0.061308846
-0.42525262
-0.21128392
-0.092969395
-0.12692685
-0.55098206
-0.31815878
-0.1925429
-0.11763751
-0.4421576
-0.044254895
-0.31418747
-0.04024365
-0.15825066
-0.17208906
-0.10653859
-0.048635487
0.07976917
-0.34723827
-0.45990878
-0.3635579
-0.34812647
-0.2968588
-0.6274023
-0.2723229
-0.176506
-0.11487151
0.0697508
-0.42307016
-0.13908823
-0.41906977
-0.032912433
-0.0033534802
-0.1359026
-0.76641995
0.1874224
-0.21449815
-0.08306065
-0.11578474
-0.52403706
-0.51776576
-0.6848658
-0.8065124
-0.21734023
-0.35517827
-0.2630303
-0.36355224
-0.3547206
-0.010739419
-0.76685554
0.05448604
-0.542316
-0.61153847
-0.11176214
-0.5420006
0.02793497
-0.11686244
-0.1371804
-0.34464714
-0.07219295
-0.18744637
-0.040307917
-0.7053287
-0.1515157
-0.012112163
-0.15871577

-0.47088146
0.08446295
-0.07254152
-0.008076532
0.04176831
-0.06528833
0.02833537
-0.2813939
-0.29717445
-0.18111685
-0.25570226
0.0087877875
-0.09907709
-0.1479149
-0.010465499
-0.39023226
-0.062895656
-0.1666211
0.07827908
-0.04828434
0.035825677
-0.2942752
-0.44185832
-0.15434459
-0.075117216
-0.15286143
0.08959844
-0.3946573
-0.4498908
-0.115755334
-0.2257627
-0.41195926
0.072221056
-0.13360676
0.038478676
-0.473874
-0.020641686
-0.2332464
-0.09655086
-0.53447974
-0.08934239
-0.015342808
-0.083006956
-0.06122466
-0.37705523
0.010198342
-0.45821047
-0.024506511
-0.1158434
-0.19031045
-0.052642416
-0.25308472
-0.5719606
0.0921807
-0.22357605
-0.1925683
0.027626095
-0.46829975
-0.35780594
0.03018853
-0.05097133
-0.8416296
-0.06260095
0.051728476
0.057823677
-0.047075618
-0.20462857
-0.42347485
-0.17776018
-0.10685211
-0.073223986
-0.18710156
-0.2340737
0.11884076
-0.0950756
-0.47313964
-0.014538769
0.06975163
-0.24906142
-0.069024496
-0.1367096
-0.30563715
-0.2879852
-0.14568019
0.12336595
0.06360502
-0.09970437
-0.10444295
-0.055290103
-0.016458027
0.082054466
-0.34419551
-0.45988646
-0.0111893425
-0.43361002
-0.23575844
-0.29379946
-0.34128723
-0.059237596
-0.1571543
-0.22952454
-0.5819277
-0.55083436
-0.10841249
0.024912653
-0.51561517
-0.46343052
-0.05364542
-0.3701511
-0.21744213
0.018347653
-0.1255788
-0.13459587
-0.36648363
-0.41953078
-0.2294207
-0.5245155
-0.3637264
-0.05706378
-0.49765804
-0.121400855
-0.28001028
-0.5770647
-0.04192884
-0.15640801
-0.07098612
-0.5654208
-0.36028653
-0.25749013
-0.19397968
-0.357115
0.02254311
-0.5623886
0.016450707
-0.042761143
-0.08073771
-0.31627703
-0.098074496
-0.032148164
-0.19246835
-0.013320274
-0.12621887
-0.087605186
-0.36856294
-0.10767497
-0.15542313
-0.15484495
-0.375242
-0.5561108
0.0971726
-0.07425055
-0.14193654
-0.115884215
0.06323094
-0.4238123
0.06647345
-0.12734166
0.05626312
-0.00053300674
-0.3450933
-0.38488317
-0.05413969
-0.24225196
-0.06771925
-0.15599062
-0.30807862
-0.5447397
-0.59935206
-0.3829798
-0.076007776
-0.5248373
-0.0126728015
-0.53167427
-0.07532345
-0.07995188
-0.13174006
-0.21234314
-0.06499242
-0.36130252
-0.48978874
0.041246813
0.0010259188
-0.40950117
-0.26627043
-0.028994497
-0.56953776
-0.030096259
-0.30831322
-0.05118854
-0.1896917
-0.5848847
-0.54492533
-0.06566828
-0.09726576
0.085872255
-0.48205307
-0.15030572
-0.18394063
-0.6014801
-0.09802767
-0.20510584
-0.09037677
-0.16033669
0.028333843
0.09178784
-0.52493596
-0.0108536035
-0.06884701
-0.20334011
-0.073901184
0.03015159
-0.39267442
-0.056989685
-0.1298498
-0.37727228
-0.4874868
-0.35073996
-0.36125556
-0.01925353
-0.006095946
-0.051172763
-0.11762542
-0.6171774
-0.17678048
0.07780839
-0.4598454
-0.0054240534
-0.26290587
0.024438765
-0.24469708
-0.4483002
-0.113556236
-0.21270812
-0.009574178
-0.57010645
-0.8825709
-0.40500745
-0.034174692
-0.0639125
-0.10513438
-0.3201075
-0.02397429
-0.48995817
0.10930713
0.00049751723
-0.24296054
-0.34831983
-0.07930246
-0.027785826
-0.6720481
-0.1392443
0.027123244
-0.111766264
-0.4461019
0.090041794
-0.24541368
-0.35558406
-0.110279046
-0.08134156
-0.21904361
-0.011057553
-0.21633318
-0.43947834
-0.45553723
-0.46303144
0.06535953
0.028985793
-0.34579548
-0.16813296
-0.0022106091
-0.12869568
-0.3890337
-0.11239882
-0.16965072
-0.03675137
0.124767914
-0.21807241
-0.1592092
-0.051219843
0.057197858
-0.1932881
-0.21137491
0.042366963
-0.03958033
-0.14297011
-0.0570141
0.054247934
-0.09148645
-0.09920363
0.1447918
-0.26050535
-0.5137449
-0.026602801
-0.33904228
-0.046291478
0.04178279
-0.58409977
0.06486212
-0.3151264
-0.09921655
-0.13402672
-0.6278801
-0.09363424
-0.22000687
-0.15697794
-0.12573083
-0.20823452
-0.34097043
-0.040921304
-0.10641551
-0.03928195
-0.044036824
0.11954554
0.16265506
-0.5310542
-0.0008234128
-0.552531
-0.11384104
-0.073928125
-0.22321299
-0.5542633
-0.09026906
0.095813595
-0.21361904
0.0040615713
-0.22526212
0.0357804
-0.29347724
0.16123961
-0.10506028
-0.41403574
-0.037420258
-0.39655477
0.09557764
-0.11363614
-0.23611541
-0.3539624
-0.32938656
-0.08795965
0.028005557
-0.0887411
-0.17499547
-0.18845542
0.012260554
0.0790504
-0.4394607
-0.43793702
-0.27762395
-0.13447121
0.004772813
0.033388596
-0.54853415
-0.5504713
-0.7147917
0.09245684
-0.03240538
0.011095011
-0.3960896
-0.14312427
-0.10061645
0.031992078
0.027336672
-0.53902495
-0.15389608
-0.2741299
0.02665248
-0.14154342
-0.14025667
-0.08335922
-0.13544697
-0.20506623
-0.39656195
-0.047374226
-0.37883997
-0.02663076
-0.060284484
-0.2593963
-0.2753611
-0.55846655
-0.34309787
-0.10457984
-0.24900492
0.10156333
-0.2530273
-0.19266854
-0.38777098
-0.4110567
0.059561633
0.063680455
0.2761385
-0.09340643
-0.21039693
-0.048308954
-0.62206376
-0.1745065
0.08115936
-0.6817571
-0.44606772
0.07586638
-0.05917164
0.0373553
-0.42286876
-0.034942262
-0.53287184
-0.5663141
-0.08581958
-0.013300454
0.06103766
0.08222688
0.09136276
-0.11457005
-0.020051403
-0.15081914
-0.37802356
0.058695097
0.052107815
-0.2600105
-0.10586384
-0.26913553
-0.19244961
-0.6224208
-0.1237763
-0.3985185
-0.20336506
-0.67659956
-0.5822601
-0.5031425
-0.48454466
0.025354618
0.028208476
-0.29476672
-0.072273046
-0.49129555
-0.1284294
-0.0020177385
-0.0072324094
-0.036806922
-0.18601166
-0.2097042
-0.3191023
-0.38186392
-0.031214954
-0.10178921
-0.28519088
0.0024283144
0.1466934
0.03570642
0.033638123
-0.12103595
-0.2545626
-0.2155164
0.01447103
-0.11263357
-0.24710654
-0.073678724
0.003964772
0.032400116
-0.031706184
-0.28483582
-0.09854152
-0.3877775
-0.20625377
-0.027539695
-0.15033904
0.0076033967
0.015084205
-0.10934663
-0.58484894
0.00022230335
-0.34255132
0.04889706
0.2212737
-0.11098575
-0.47392052
-0.013385945
-0.45279795
-0.17294405
0.021722283
-0.0021474576
-0.18750837
0.031597808
-0.014070964
-0.5031782
0.106905185
-0.3179778
0.0065101837
-0.12057714
-0.36717656
0.12475762
-0.15070707
-0.06368837
-0.63983345
-0.12813962
-0.2789402
-0.079288594
-0.15166579
-0.10328759
-0.052422382
-0.6826896
-0.062300567
-0.19409601
-0.7839717
-0.28497177
-0.24099874
0.01736596
0.04249342
0.14632952
0.107606314
-0.23122145
-0.64293665
0.1966809
0.027575418
0.026511144

-0.45834684
-0.41550612
-0.15736172
-0.13727167
0.00947428
0.03330745
-0.118997484
-0.05532526
-1.1359903
-0.2794209
-0.45585033
-0.042129703
-0.12574151
-0.22120413
-0.12537664
-0.19984926
-0.098773465
-0.053083476
-0.13851483
-0.11491809
-0.06622565
0.042210378
-0.68125784
-0.20324548
-0.17140284
-0.2858109
-0.267099
-0.105179824
-0.3536945
-0.049938425
-0.07217784
-0.91247785
0.07049054
-0.0111704
-0.13146634
-0.13710076
0.008138795
-0.28101748
-0.023319462
-0.66690135
-0.36049864
-0.24565539
-0.59708095
-0.034914833
-0.31233716
-0.19898318
-0.37144637
-0.30928168
-0.41614905
-0.13986255
-0.2579561
-0.6191811
-0.32033205
-0.45547634
-0.013218558
-0.22805062
-0.024896044
-0.19169118
-0.38728452
-0.14409511
0.035339486
-0.98201096
0.03463106
-0.37915382
-0.32210016
-0.5783029
-0.06161047
0.00082737557
-0.50046396
-0.028040865
-0.26972097
-0.2474063
-0.17103958
-0.08751162
-0.014824242
-0.08732284
-0.07186145
-0.2572199
-0.2124813
-0.2075764
-0.10390043
-0.05794269
-0.10350777
-0.19897059
-0.44772068
-0.29468682
0.035852946
-0.041672345
-0.011142076
-0.23921837
-0.013157598
0.008076854
-0.35427278
-0.010090328
-0.017614976
0.013782036
-0.0041509015
-0.49592617
-0.5824121
-0.2936802
-0.23231159
-1.1242145
-0.17655803
0.025087388
-0.31578586
-0.7756946
-0.47290912
0.0047348933
-0.042787332
-0.011481345
0.05811371
-0.023249812
-0.18353611
0.022649689
-0.60456717
-0.44047335
-0.32471424
-0.32939303
-0.14141585
-0.6464712
0.03268851
-0.022854494
-0.49876267
0.020955103
-0.008815953
-0.15197635
-0.40811735
-0.051350094
-0.0790377
-0.1509517
-0.3532522
-0.10644939
-0.15384682
-0.048018128
-0.6179908
-0.16669099
-0.1135936
-0.057837646
-0.013987508
-0.20046072
-0.043953024
-0.20058732
-0.04718621
-0.34897202
-0.12887843
-0.18656586
0.014691807
-0.52642274
-1.1074475
-0.42582732
-0.17532206
-0.022172369
-0.029116903
-0.025874017
-0.43416646
-0.44029206
-0.08576296
0.010152003
-0.03941796
-0.35120305
-0.09008058
0.010346032
-0.28456748
-0.018134907
-0.22411817
-0.40454933
-0.2967848
-0.12169639
-0.23914947
0.014145221
0.05268991
0.024632804
-0.5709818
-0.074579045
-0.11038106
0.009312163
-0.30457047
-0.112378694
-0.1882865
-0.633925
-0.024016729
-0.24789399
-0.22791412
-0.4955648
-0.15543461
-0.24468942
0.006678837
-0.65310097
-0.6670283
0.0027410313
-0.37407348
-0.44732606
-0.0137707805
-0.17534547
-0.10082571
-0.071922034
-0.17786318
-0.088557005
-0.25350863
-0.029722333
-0.7946075
-0.012953907
-0.2576555
-0.06690199
-0.09768713
-0.09233896
-0.3572288
-0.29496902
-0.34242335
-0.5016502
-0.69751656
-0.5148324
-0.029200353
0.047259398
-0.36361682
-0.16280739
-0.11665127
-0.025456488
-0.14698267
-0.072846234
-0.38021722
-0.14545357
-0.6822966
-0.5294376
-0.3566931
-0.53698575
-0.39669472
-0.35792795
-0.27921748
-0.18849769
-0.31400812
-0.04780926
-0.00366673
-0.16674201
-0.14749794
-1.0825931
-0.6982613
-0.040357754
-0.14935689
-0.76167226
-0.064529516
-0.036895785
-0.21266983
-0.28371096
-0.13978627
-0.5829636
-0.4359429
-0.15670271
0.030224523
-1.1189411
-0.061418165
-0.0025773156
-0.17326331
-0.11967194
0.021837201
-0.07853946
-0.088236935
-0.02472368
-0.27486008
-0.11766565
0.020230716
-0.13389969
-0.41202295
-1.028915
-0.4987635
-0.37911746
-0.50891674
-0.19087707
-0.7034948
-0.17157683
-0.32328755
-0.38950726
-0.23140098
-0.29580042
-0.013103417
-0.1572096
-0.28020528
0.06233646
-0.0099090375
-0.013559365
-0.07457474
-0.119514555
-0.23236568
-0.21082701
-0.25756356
-0.17742218
-0.19667444
-0.13551098
-0.09519482
-0.29618436
-0.39990214
-0.26653636
-0.12897268
-0.25932926
-0.025023306
-0.13514595
-0.15115452
0.0085172225
-0.0273201
-0.26078564
-0.2142476
-0.45240095
-0.031361986
-0.04437283
-0.07002364
0.0489314
-0.13453211
-0.22838081
-0.08069103
-0.07597699
-0.5003738
-0.24296804
-0.16536209
-0.33655468
-0.2917034
-0.1696452
-0.40038672
0.035140228
-0.07351466
-0.21624789
-0.20269004
-0.1850231
-0.18706065
-0.80016524
-0.17308897
-0.93326175
-0.025857553
-0.11809646
-0.106003135
-0.057647955
-0.5175601
-0.115002014
-0.25201336
-0.23470797
-0.109931774
-0.077767394
-0.2986459
-0.32073548
-0.10037909
-0.030498344
-0.17943545
-0.14413275
-0.29950356
-0.3811139
0.038175084
-0.28585583
-0.42575985
-0.37942436
-0.16222407
0.0088340845
-0.35728133
-0.05445663
-0.8815521
-0.29034594
-0.35622907
-0.0007441284
-0.017489191
-0.3300197
-0.0070364084
-0.10017195
-0.45514193
-0.037537437
-0.36510244
-0.19403605
-0.23304409
-0.17554614
-0.22119601
-0.22803597
0.025220333
-0.15475363
-0.38080734
-0.5866495
0.027245512
-0.21183935
-0.3516177
-0.5174209
-0.08051604
-0.14314413
-0.041519266
-0.29847297
0.03318706
0.02345847
-0.40817425
-0.060520995
-0.06320351
-0.07253421
-0.47684267
-0.19979098
-0.08283015
-0.39015538
-0.2824813
-0.38504946
0.056500856
-0.084397525
-0.17459285
-0.09434036
-0.7800512
-0.20414543
-0.2910104
-0.21012518
0.044253938
-0.32375118
-0.16914718
0.028199796
-0.115225084
-0.26173323
-0.16876875
-0.17449428
-0.22197366
0.0029521107
0.0004409512
0.0060577537
-0.18115069
-0.286031
-0.35588634
-0.4432029
-0.36091396
-0.31758034
-0.02183821
-0.5196876
-0.23325859
-0.052825235
-0.4160467
-0.24845439
-0.6470829
-0.8418511
-0.053030144
-0.12087846
-0.1372848
0.054282203
-0.4071661
-0.1752476
-0.40460563
0.004855566
-0.12522312
-0.24684066
-0.11507208
-0.15386137
-0.52533287
-0.21913521
-1.0664145
-0.6396211
-0.063560635
-0.1716855
-0.0407754
-0.51601166
0.068818025
-0.15621838
-0.49814332
-0.034745034
-0.0617916
-0.05255514
-0.2623524
-0.056899548
-0.07264291
-0.03532895
-0.0735382
-0.14980157
-0.037275262
0.005954748
0.004334505
-0.5131862
-0.048389807
-0.058044657
-0.1874033
-0.036224917
-0.13271281
-0.07803762
-0.43719453
-0.10757605
-0.22218673
-0.3266716
-0.116167545
-0.28360352
-0.098567635
-0.4334809
-0.34582293
-0.20333833
0.014241424
-0.2003172
-0.010683542
-0.54706055
-0.11174046
-0.4909192
-0.09140621
-0.013079751
-0.0777673
-0.280263
-0.4324105
-0.5984088
-0.00943554
-0.5977275
-0.3145767
-0.060104616
-0.16660146
-0.043737806
-0.1815814
-0.16972041
-0.5054784
-0.0602035
-0.15117952
-0.90309274
-0.33269173
-0.42243013
-0.0023350134
-0.06664862
-0.23337154
-0.13627204
-0.045482952
-1.1920925
-0.13060156
-0.015851645
0.028488263

0.044089135
-0.69867307
-0.22921744
-0.017208127
-0.55084187
-0.5577556
-0.531689
-0.61276317
-0.50278324
-0.6403455
-0.20010753
0.0023873893
0.06698609
0.03509763
-0.06228869
-0.5490676
-0.0921096
0.03406722
-0.621259
-0.7276566
0.013677421
-0.21507846
-0.68660337
-0.036075
-0.07067266
-0.1754682
-0.19798416
-0.49297327
-0.08532829
0.039229404
-0.014839633
-0.78257793
-0.004097985
-0.16629127
-0.03456226
-0.44904616
-0.051551852
-0.13789436
-0.02131162
-0.14162527
-0.3821856
-0.16818035
0.041061107
-0.15394422
-0.541511
-0.46238887
-0.30678394
-0.45783967
-0.123055294
0.105392225
-0.09157714
-0.35676962
-0.48508602
-0.74814224
-0.39878383
-0.28207543
0.0045200447
-0.34789714
0.020216629
-0.3260188
0.012780041
-0.5501833
0.022895297
-0.046667337
-0.017499894
-0.88351053
-0.43637574
-0.24152747
-0.039736167
0.0054442375
-0.22556902
-0.4420226
-0.68862194
-0.1519752
-0.51854587
-0.06482078
-0.009949875
-0.3320129
-0.24061216
-0.11125115
-0.032247778
-0.4225347
-0.14615463
-0.03683065
-0.33297715
-0.42311984
-0.36602935
-0.076948084
-0.023592677
-0.0861477
-0.037790656
-0.1911939
-0.16785431
0.054409944
-0.051257934
-0.3741295
-0.28413546
-0.4618099
-0.4798625
-0.08011814
-0.25468135
-0.22641027
-0.2361552
0.04093326
-0.4333607
0.079272404
-0.41146782
0.0536064
-0.4650065
-0.4585087
0.03488627
4.748891e-05
-0.12203273
-0.30515954
0.036145043
-0.26109132
-0.076732196
-0.26587403
-0.15330471
-0.24010316
-0.005470229
-0.52057886
-0.16014044
-0.18191363
0.0052021784
-0.3583234
-0.42415255
-0.44776845
-0.5498415
-0.1584241
-0.5006651
0.0382019
-0.5195965
-0.30590296
-0.24376811
-0.0126664825
-0.30819693
0.0035357198
-0.0043199873
-0.34837562
-0.10431963
-0.09779733
-0.12570387
-0.33881062
0.00302796
-0.19645624
-0.014863909
-0.3265358
-1.2554493
-0.24027231
-0.023153525
-0.12225781
-0.5412153
-0.4738795
-0.5770047
-0.10953878
0.0029362256
-0.08772129
0.061012115
-0.16931286
-0.4842329
0.029208967
-0.24597846
-0.55012184
-0.18744399
-0.15755108
-0.6311149
-0.54446554
-0.4063486
0.013578915
-0.16693869
0.023843948
0.11959094
-0.37754238
0.06329607
-0.025528146
-0.20195234
0.0519778
-0.30772
0.002839489
-0.030120324
0.095877245
-0.07154536
-0.27721494
-0.019237537
-0.25662473
-0.48628417
-0.97426254
-0.6948806
-0.24832138
-0.54490954
-0.5283721
-0.087299965
-0.07857659
-0.08691028
0.064021505
-0.07038587
-0.055961672
-0.43410522
-0.123068236
-0.7456649
-0.17005187
-0.14824803
-0.14450449
-0.42938727
-0.30276227
0.08539715
-0.20805612
-0.0024224736
0.14216983
-0.02891676
-0.3064526
-0.13025667
0.061928425
-0.55131763
-0.28967744
-0.52114016
-0.2419659
-0.29295737
-0.18663348
-0.16153009
-0.55928975
-0.4939043
0.03156039
-0.3606132
-0.111901686
-0.21300912
-0.4163603
-0.13676323
-0.28434968
-0.015455899
-0.16904397
-0.14814572
-0.20603788
-0.08007242
-0.4368099
-0.44798043
0.03470605
-0.0077316714
-1.014187
-0.56870735
-0.36805162
-0.5872774
-0.089234814
0.006397548
-0.5061488
-0.2213858
0.07517725
-0.059080727
-1.5933082
-0.058007378
0.034061488
-0.15094739
-0.495827
0.046669096
-0.1052805
-0.39855283
-0.27236584
-0.11024446
-0.15274075
-0.15151677
-0.24819842
-0.0754498
-0.6273255
-0.6849444
-0.08858627
-0.60682994
-0.3309603
-0.5096856
0.011552873
-0.14516038
-0.405879
-0.5682086
-0.21844947
-0.10066138
-0.6643911
0.01842058
-0.11938084
-0.031908177
0.01403637
-0.30944285
0.0021678116
-0.14011426
-0.5451363
-0.0073916093
-0.013282814
-0.25710225
-0.072474934
-0.011579383
-0.069954835
-0.15262337
-0.4200501
0.017129106
-0.2624314
-0.04088038
-0.053523522
-0.2288122
-0.6003823
0.14775054
-0.14338233
-0.30069205
-0.15556937
-0.0538687
-0.2129605
-0.43337637
-0.00064858794
-0.38109416
-0.7008103
-0.3779857
-0.11310199
-0.26082444
-0.1046066
-0.05605318
-0.24236271
-0.15853852
0.002025226
-0.13200802
0.07012761
-0.1090617
-0.023016175
-0.37345442
-0.13358048
0.080030255
-0.16343866
-0.0147707965
-0.5943572
0.035066314
-0.3915057
-0.27471298
0.03565527
-0.121152945
0.046211325
-0.54199874
-0.013116868
-0.2748207
-0.018211795
-0.33498657
-0.8437923
0.064790346
0.062940724
0.011885469
-0.12630205
0.081106916
-0.20888251
-0.110995315
-0.2487558
-0.33474925
0.013293621
-0.008535363
-0.09435576
-0.4998909
-0.52336615
0.23388796
-0.30584767
-0.3623982
0.047432866
-0.031831376
-0.51088655
-0.11235985
0.03146733
-0.66112304
-0.11314179
-0.63131756
-0.030709773
-0.39271435
-0.33637682
-0.16351639
-0.38034645
0.07908158
-0.08134345
-0.070255764
-0.3954737
-0.027980099
-0.49208742
-0.5121415
-0.28080803
-0.037032478
-0.40011027
-0.5584289
-0.17359833
-0.0558369
-0.028762052
-0.20705214
-0.62342286
-0.14533274
-0.26774567
-0.5305998
-0.05013186
-0.05918384
-0.52358997
-0.5965171
-0.20421074
-0.13936523
0.01288543
-0.076870054
0.06682207
-0.9538104
-0.4829728
-0.61067206
-0.11637474
-0.118011706
-0.3861512
-0.06961636
-0.52725893
-0.37106627
-0.4315817
-0.14979374
-0.9121287
-0.10067274
-0.44377068
-0.063758686
-0.09973317
-0.176449
-0.20648581
-0.34082848
-0.7735551
-0.29492056
-0.20625474
-0.12474764
-0.73921
-0.4797722
-0.054165967
-0.19040881
-0.31270576
-0.5175741
-1.0984412
-0.7292085
-0.2898341
-0.004402683
0.081119426
-0.27109784
-0.14068328
-0.052114148
-0.13562739
-0.11461328
-0.3322046
-0.043313313
0.015876263
-0.7342555
-0.03662867
-0.797219
-0.31658846
-0.18672904
0.07449983
-0.02222937
-0.18461695
-0.388502
-0.07352175
-0.3463058
-0.5179628
-0.16218333
-0.118243955
-0.40566677
-0.2540971
0.025699535
0.041093275
-0.548883
-0.032943692
-0.24957801
0.017119078
-0.27122796
-0.03452367
-0.57928526
-0.12286267
-0.019309992
0.068571836
-0.73161924
-0.56175613
-0.032407064
-0.3923361
-0.101784445
-0.11156438
0.024375118
-0.4509875
-0.35949215
-0.21482652
-0.07959822
-0.58314097
-0.10113527
-0.101528585
0.015172948
-0.5518063
-0.27393445
-0.45932713
0.043845005
0.0439613
0.028218796
-0.20582029
-0.5298397
-0.07763133
-0.49830848
-0.1928449
-0.15959522
-0.12493238
0.053904686
-0.03147989
-0.36561993
-0.1477942
-0.943227
-0.2062913
-0.3526041
-0.84983253
-0.13968083
-0.6556413
0.05063398
0.053221624
-0.35189018
-0.5325118
-0.6738042
-1.3110629
-0.15763025
0.03562249
0.09263118

-0.21811338
-0.57287854
-0.13001934
-0.37137982
-0.5042275
-0.20355232
-0.39503556
0.018202808
-1.1750176
0.041585073
-0.25904664
0.010768194
-0.058321528
-0.14808619
0.0031662858
0.055165205
-0.11240004
-0.062636234
-0.44007367
-0.08720905
0.047718592
-0.3442043
-0.36534312
-0.475271
-0.05372612
-0.4442513
-0.14477426
-0.32549763
-0.33009818
-0.18008713
-0.053203214
-1.019863
-0.009833127
-0.16719872
-0.2820618
-0.36914206
-0.04049729
-0.49246278
-0.123789184
-0.5402727
-0.24390312
-0.23980646
-0.3626366
-0.08955929
-0.42221606
-0.08921138
-0.18245357
-0.23597124
-0.32465664
-0.041720852
-0.28767696
-0.64833766
-0.37243202
-0.62966186
0.08540581
-0.16759299
-0.13413824
-0.1533671
-0.22658885
0.048413932
0.03062025
-1.1408949
-0.008465465
-0.39729145
-0.09982954
-0.55192536
-0.1833645
-0.27391744
-0.11388819
-0.19324914
-0.10510331
0.048221905
0.013771631
-0.18947938
-0.2311487
-0.48512417
-0.13460308
0.033909034
-0.32216448
-0.26035592
-0.17880249
-0.03813107
-0.33083013
-0.0388788
-0.2341368
-0.06592675
0.11029059
-0.19557908
-0.02575576
-0.250962
0.03742214
-0.008993474
-0.41458946
0.037900463
-0.16209233
0.0024255961
-0.2258491
-0.5169957
-0.38187042
-0.34050462
-0.03007698
-1.2870475
-0.02050154
0.022059819
-0.0690576
-0.49695307
-0.6750169
-0.13163276
-0.034453966
-0.21660669
0.05209622
-0.093206674
-0.0908771
-0.23570116
-0.48699915
-0.4112729
-0.34205055
-0.33362955
-0.03078696
-0.7871126
-0.026633454
-0.14343747
-0.62723815
-0.07848288
-0.02614068
-0.36456555
-0.32891887
-0.337383
-0.09145946
0.00734599
-0.28153792
-0.029046161
-0.36950377
-0.2929782
-0.57471466
-0.043083303
-0.055909082
-0.17731024
0.029657882
-0.3174327
-0.006465111
-0.47037402
-0.03434653
-0.24789257
-0.0029297206
-0.32158682
-0.16800058
-0.5708897
-1.2429013
-0.13202241
-0.07407919
-0.15018754
-0.24266565
-0.28615823
-0.4191035
-0.47503978
-0.061903216
-0.016689688
-0.02130364
-0.25694892
-0.13124599
-0.073739715
-0.46479654
-0.11907871
-0.110524535
-0.074005775
-0.19667873
-0.5455329
-0.13752088
-0.029288433
-0.14342003
-0.05977773
-0.645122
0.08238251
-0.003914188
-0.05404529
-0.20858546
0.0016346003
-0.41551536
-0.24938492
-0.001624781
-0.0008660285
-0.31652066
-0.48217216
-0.06494704
0.08779632
-0.0008295879
-0.5725368
-0.53322375
-0.3911214
-0.41964898
0.12803032
-0.16898878
-0.2055713
0.04401648
-0.466685
-0.13297854
-0.36777827
-0.1604537
-0.15823342
-0.66062343
-0.121960714
-0.09921778
-0.0548578
-0.25212103
-0.12810655
-0.37259445
-0.4000375
-0.40537596
-0.3101401
-0.58281434
-0.284747
0.032154236
0.055627454
0.041762173
0.028759278
-0.43989497
-0.30712628
-0.06342236
-0.117450155
-0.40056884
-0.5128147
-0.45143235
-0.39778924
-0.3202836
-0.10046498
-0.43997607
-0.52723527
-0.20981883
-0.28902134
-0.30014336
-0.19610098
-0.13248883
-0.077248566
-0.051508497
-1.2560345
-0.68542176
-0.083058834
-0.22551084
-0.85483956
-0.15357074
-0.09659343
-0.32875833
-0.59712154
-0.08351453
-0.16194302
-0.1838631
-0.03168635
0.046496812
-1.1328589
-0.02823498
-0.033765666
-0.19755988
-0.73798156
0.028547708
-0.08968925
-0.078928724
0.12531269
-0.35811922
-0.063835576
0.050343804
-0.13967861
-0.40247828
-1.0479358
-0.65893185
-0.17293021
-0.60664237
-0.29512638
-0.6501212
-0.013181648
-0.16590108
-0.12382397
0.12367238
-0.05320594
-0.12327446
-0.07618423
-0.28475422
-0.24706091
0.009460797
-0.0153135555
-0.012042633
-0.13125928
-0.60342133
-0.06965699
-0.080894895
0.027806364
-0.13857663
-0.12674865
-0.03282495
-0.1445764
-0.47903737
0.07200083
-0.20343308
-0.16833098
0.08044794
-0.07408038
-0.08440948
-0.292447
-0.3445941
-0.031456944
-0.18143107
-0.48200536
-0.033116765
-0.019381726
-0.18300387
0.019268624
-0.3250173
-0.14916137
-0.13274206
-0.28047085
-0.34676832
-0.42766032
-0.01546543
-0.32737762
0.009211971
-0.008397465
-0.4788737
-0.10168187
-0.100174084
-0.2731804
-0.027592603
-0.021294666
-0.15230736
-0.5733255
-0.17186917
-0.8149799
-0.060667433
-0.044339333
-0.37360224
-0.0047669783
-0.4640413
-0.1333394
0.22890632
-0.24038343
-0.2799638
-0.16343655
0.009024819
-0.7988154
-0.054492474
-0.07797284
-0.08190528
-0.3535707
-0.61125237
-0.44806114
0.06402926
-0.16818334
-0.35119832
-0.73359376
-0.19533351
0.038099747
-0.25324306
-0.19824843
-0.95711315
-0.3391722
-0.33489996
0.0042553167
-0.24199165
-0.104495764
0.023681102
-0.077259615
-0.42625287
-0.014882145
-0.25742012
-0.12001973
-0.08251576
-0.0878216
-0.4138811
-0.5450047
-0.15455031
-0.04414819
-0.23371296
-0.3366149
0.0038272168
-0.060581937
-0.17973408
-0.22567545
-0.110153764
0.008266657
-0.10472794
-0.0651384
0.013845936
-0.21075805
-0.43910155
-0.56457204
-0.00815805
-0.0012045713
-0.7269764
-0.17056485
0.053515784
-0.12341921
-0.16800588
-0.34313452
-0.0012961451
-0.2367406
-0.10274594
-0.008159057
-0.9516383
-0.0013754879
-0.10327532
-0.39215893
0.010429022
-0.18505712
-0.071539685
-0.023495516
-0.35325745
-0.16473578
-0.09825513
-0.1330375
-0.3861152
-0.15624385
-0.013232404
0.023452135
-0.089647874
0.031099506
-0.14677407
-0.33179185
-0.32325557
-0.4677694
-0.29733622
-0.39614907
-0.30174264
-0.0018268242
-0.43550375
-0.05863768
-0.51504093
-0.68695945
-0.15143742
-0.2471557
0.0371359
-0.07989817
-0.15188447
-0.208734
-0.5732441
-0.18639806
-0.0402027
-0.04562361
-0.16516528
-0.4204847
-0.7135051
-0.3681369
-0.7462895
-0.549506
-0.1391056
-0.13260487
-0.22987875
-0.43663538
-0.23867244
-0.0017918025
-0.45645115
-0.033287037
-0.34885597
-0.24386694
0.017379994
-0.41097134
-0.014246544
0.017847668
-0.17625128
-0.07697171
-0.0356327
0.033601135
-0.43824792
-0.2363693
-0.24336274
-0.06829807
-0.24885155
-0.090037435
0.0793157
-0.08270624
-0.29768607
0.003223348
0.039146096
-0.1958104
-0.0066502057
-0.04592839
-0.25191566
-0.3546452
-0.4763058
0.05586652
-0.029153112
-0.0730293
-0.1809947
-0.7631733
-0.16631638
-0.89654386
-0.18708245
-0.08185398
-0.06670209
0.089307696
-0.4248587
-0.5322074
-0.12282273
-0.2879349
0.0050709522
0.04190189
-0.12574627
-0.16430259
-0.19694728
0.019143717
-0.5569734
-0.1310024
-0.098461054
-0.6666698
-0.10828972
0.13472252
-0.030530117
-0.025808493
-0.042127684
0.020082233
-0.058605243
-1.2237628
-0.28621766
0.035531454
-0.11547424

-0.70398957
-0.7169733
-0.052387267
-0.02957459
-0.3923894
-0.3362668
0.12767515
-0.07715007
-0.746448
-0.016831128
-0.59938526
-0.0713834
-0.17015222
-0.22820151
-0.06873522
0.09056035
0.014952868
-0.20089419
0.09590673
-0.11951537
-0.057584036
-0.17804383
-0.26090682
0.0029917073
-0.17245981
-0.21356119
-0.55064553
-0.18184942
-0.48799583
-0.021858841
-0.16281292
-0.85551053
-0.014253592
-0.31808314
-0.1371265
-0.12284391
-0.13470654
-0.57369524
0.04160587
-0.28695396
0.07252813
-0.4873632
-0.39675674
0.0013307746
-0.07832917
-0.041555427
-0.5320999
0.039014883
-0.013278454
-0.18948907
-0.451195
-0.8073347
0.06508138
-0.7586921
-0.3069501
-0.6690803
0.03848987
-0.2951558
-0.76069885
-0.5606755
0.03315404
-1.0327942
0.061900984
-0.14566772
-0.6229833
-0.27155355
0.071996205
-0.4521735
-0.78149277
-0.14064991
-0.6196591
-0.5025151
-0.46132755
0.05778261
-0.047531445
0.10977855
-0.15007699
-0.36348456
-0.023689521
-0.54181534
0.0146772275
0.050276563
-0.13790926
-0.039313436
-0.5036662
-0.26485357
-0.2266126
-0.003952252
-0.0035942984
-0.5029069
0.032654352
-0.5635279
-0.04168731
-0.12423006
-0.1534366
-0.5379945
0.062790945
-0.4238902
-0.5486113
-0.68284065
-0.090272695
-1.3999969
-0.24888514
-0.14910604
-0.12021108
-0.6941339
-0.67704755
0.015436991
-0.4414334
-0.16070548
-0.008707809
0.001443405
-0.052291367
-0.21978106
-0.74601185
0.02700276
-0.06025453
-0.1382565
-0.6093026
-0.32335305
0.052493554
-0.28971952
-0.20815821
-0.2605963
-0.22861254
-0.6778915
0.437198
-0.49034622
0.008265005
-0.38515514
-0.14175877
-0.03250767
-0.5779315
-0.15104003
-0.5834589
0.015942207
-0.33023804
-0.40264267
-0.15687345
-0.5548141
-0.067099355
-0.060509402
-0.091465764
-0.646922
-0.13229188
-0.32326058
-0.023214504
-0.271977
-1.6520861
-0.36361498
-0.5537714
-0.051783368
0.049140483
-0.036818366
-0.640244
-0.5080991
-0.18928818
0.03834217
0.018630086
-0.064006746
-0.25368384
0.0067334324
-0.21317692
-0.3045247
-0.40386257
0.046118267
-0.39396942
0.011566739
-0.050354186
0.001761504
-0.07125007
-0.13880742
-0.4720079
-0.003867811
0.039512873
-0.0901027
-0.11744619
0.017368322
-0.8017622
0.004407403
0.08172969
-0.36914858
-0.5294105
-0.5997688
-0.087358676
-0.39143473
-0.3376428
0.17589082
-0.14093372
-0.04043101
-0.61273
-0.34461632
-0.18959
-0.045373067
-0.12780555
-0.5125313
-0.17609672
-0.6834782
-0.35415518
-0.01293172
-0.6969823
0.0031919305
-0.4979736
-0.24379402
-0.2776653
-0.18094756
-0.59036624
-0.14355671
-0.6580576
-0.16903973
-0.26897305
-0.40012884
0.0520086
0.078408934
-0.67669135
-0.35413548
-0.10118907
-0.55593467
-0.008899442
-0.16945022
-0.01129347
0.08564526
-0.9122778
-0.722689
-0.040265758
-0.56818724
-0.2896887
-0.07700772
-0.67722386
-0.5245271
-0.43203866
-0.016408661
-0.0370301
-0.42262945
0.067339174
-0.9308103
-0.73987466
-0.00093068427
0.023263097
-0.3473162
0.08373789
0.0130960485
-0.3124988
0.006370986
0.0006569839
-0.76280737
-0.9093318
-0.059261072
0.05232779
-1.443794
-0.11427369
-0.06283347
-0.21851529
-0.24774925
-0.07779536
-0.32939643
-0.37557206
-0.3669053
-0.5311347
-0.19531168
0.030247219
-0.3243633
-0.49502662
-0.85404366
-0.2965447
-0.45079538
-0.21995227
-0.5944115
-0.8518995
0.015800707
-0.03902602
-0.12770534
-0.3219663
-0.13876589
0.032882903
-0.7894094
0.025811313
-0.6324978
-0.17271192
0.008858317
-0.15733735
-0.011500377
-0.46318516
0.033034954
-0.7065544
-0.07396409
-0.4734149
-0.07633138
0.036674917
-0.051001716
-0.093154535
-0.22361575
-0.12885876
-0.47717977
-0.002361224
0.013069911
-0.18570308
-0.31561342
-0.39967793
0.0406534
-0.6270223
-0.112434454
0.029690089
-0.5859882
-0.47968584
0.044487067
-0.6645045
0.07184411
-0.5851619
-0.32518414
-0.72336054
0.045495916
-0.4292207
-0.3299627
-0.16397168
0.018751413
-0.44130346
0.0023841865
-0.07485911
-0.41663727
-0.23228353
-0.11476939
-0.27916846
-0.16881707
-0.02513469
-0.7125
0.010295893
-0.24081284
-0.3613662
-0.0017793481
-0.80747896
0.019221948
-0.15295939
-0.19853349
-0.017398147
-0.422466
-0.4546371
-0.609173
-0.0677197
-0.13846602
-0.02208803
-0.5132446
-0.110126264
-0.68002725
0.013844386
-0.09407408
-0.59986293
-0.014487221
-0.12434853
0.046507683
-0.4298991
-0.38871115
-0.736021
-0.42814246
-0.034497697
-0.057565738
0.033873234
-0.105658986
-0.020544576
0.032192435
-0.7147638
-0.16418003
-0.25544125
-0.4114863
-0.33142683
-0.2079871
-0.48413277
-0.07059722
0.053317238
-0.08692336
-0.6160118
-0.61494404
-0.038279273
-0.07742395
-0.4914202
-0.5269756
-0.15250438
-0.36270225
0.09158819
-0.25367823
0.04089145
-0.252855
-0.23084812
-0.6776513
-0.45356393
-0.72665644
-0.26965106
-0.3459234
-0.102744676
-0.27658316
-0.6246911
-0.5703273
-0.08332126
-0.43967977
-0.13273977
0.025165195
-0.7153812
-0.40566444
0.052044295
-0.15668374
0.025910351
0.12236991
-0.051021732
-0.29692376
-0.16698734
-0.21836658
-0.11085521
-0.5453433
-0.4655745
-0.08479639
0.014760553
-0.010379117
0.018391455
-0.63302827
-0.14010262
-0.37907153
-0.19220334
-0.09497263
0.11069222
-0.4077203
-0.20156258
0.03355268
-0.07833789
-0.2649066
-0.47662652
-0.7627222
0.071403705
-0.02571995
-0.030132659
0.037718635
-0.69690406
-0.13139638
-0.73300356
-0.09177977
-0.057441812
-0.72225845
-0.03269924
0.051854387
-0.8693489
-0.43507528
-0.7024476
-0.8474148
-0.145256
-0.56108284
0.028598515
-0.2915132
-0.65390587
0.02165748
-0.68955475
0.094742864
-0.09632594
-0.091547035
-0.61099654
0.045688476
-0.006898294
0.04302304
-0.5051261
-0.11716026
-0.08897571
0.04286513
-0.07203945
0.07754142
-0.58408177
-0.065411545
-0.026543759
-0.023089342
-0.28915852
-0.12189135
-0.024634518
-0.2589313
-0.17270501
-0.4142033
0.004817763
-0.38005346
0.02582896
-0.6807074
-0.61569977
0.0020672528
-0.03829797
-0.06089001
-0.049657986
-0.600146
-0.35253152
-0.6563621
-0.36794236
0.054013457
-0.40091774
-0.20847172
-0.11191707
-0.8006911
-0.61218005
-0.8092294
-0.6360562
-0.3233563
-0.02566589
0.004049802
-0.083215915
-0.048175897
-0.13861138
-0.364056
-0.011552288
-0.11765776
-0.46855196
-0.028466048
-0.069480024
-0.03409898
-0.19896846
-0.5799932
-0.46764845
-1.6148357
-0.053507328
-0.026724217
0.07859627

-0.06320513
-0.9889261
-0.045809727
-0.3011034
-0.6573359
-0.09785379
-0.57790333
-0.29118782
-1.4584498
-0.36032468
0.17575282
-0.12849475
-0.18162109
-0.31894782
-0.051582765
-0.57671833
0.04364092
-0.0044612563
-0.0861561
-0.6000103
0.067063205
-0.1132104
-0.486506
-0.36989197
-0.042908028
-0.31064716
-0.24886023
-0.13298802
0.07927439
-0.09228092
-0.25077397
-0.99220574
-0.092585
-0.06197791
-0.49246943
-0.44660524
0.017834023
-0.08497221
-0.06147996
0.47291294
-0.08236078
-0.06862333
-0.6194377
-0.18841669
-0.64147514
-0.5688132
0.12496114
-0.13549465
-0.27791774
-0.009552181
-0.31688562
-0.3962752
-0.5806803
-0.5923118
-0.33128783
-0.05494496
-0.0342458
-0.43938455
0.039551012
-0.22262476
-0.033177238
-1.1716306
-0.20193367
-0.27490723
-0.20808734
-1.1481925
-0.036471236
0.07640028
0.17670985
-0.052107707
-0.44524407
-0.07320641
-0.12835458
-0.39565256
-0.16543725
-0.53284603
-0.14178224
-0.24777229
-0.42815563
0.0011008034
-0.009189847
-0.2927532
-0.5699806
-0.5155302
-0.69361717
-0.21176285
-0.26346508
-0.027970318
-0.09045707
-0.23379123
0.044865463
-0.070378475
-0.0554582
-0.14919318
-0.4945779
-0.04022883
-0.44312078
-0.6851789
-0.03877945
-0.019378994
-0.15846683
-1.3602276
0.06360196
0.06369445
-0.07995157
-0.25653034
-0.78194135
-0.1743883
0.0621863
-0.38977936
0.014724675
-0.16738358
-0.20655227
0.03905234
-0.10547232
-0.3754259
-0.24339823
-0.4626195
-0.25734466
-0.6882207
-0.0027437627
-0.42505214
0.24422456
-0.24651696
-0.41522834
0.0668237
-0.50219345
-0.22433247
-0.2447435
-0.5079647
-0.3249194
0.05474121
-0.47857153
-0.19811879
-0.5842468
0.023837676
0.049455915
-0.3772324
-0.020377632
-0.013248781
-0.19379511
-0.5906692
-0.09938369
-0.015964575
-0.029905388
-0.06334855
-0.1386845
-0.11527809
-1.3550847
-0.06340578
0.045310114
-0.014414002
-0.43563113
-0.40751338
-0.84545946
-0.17930275
-0.09665691
-0.01924249
-0.10000003
-0.1020797
-0.08527475
-0.00083095004
-0.28677028
-0.19023843
-0.072377674
-0.57648075
-0.64830744
-0.4751097
-0.071468234
0.023991114
-0.17536373
-0.08099941
-0.77281874
-0.36292785
-0.025494685
-0.013312944
-0.45485643
-0.007858803
0.047535166
-0.63514435
-0.025203114
-0.16698512
0.12938741
-0.096030936
-0.06097221
-0.39122373
-0.7090304
-1.2041862
-0.6949807
-0.49421325
-0.7836647
-0.4505871
-0.03082799
-0.2390107
-0.017302435
-0.2966084
-0.076352365
0.024222704
-0.40218148
-0.18162079
-0.808207
-0.27719504
-0.007941788
-0.11875891
-0.07808186
-0.72901314
-0.0904872
0.10548403
0.015151365
-0.44859958
-0.7031324
-0.5000761
0.0071456283
-0.05242669
-0.12943007
-0.01942124
-0.70720685
-0.4333923
-0.49952742
-0.4519232
-0.405043
-0.6569468
-0.41303572
0.07808353
-0.35005796
0.18318585
-0.11020129
-0.20549746
-0.10890318
0.080954924
-0.47582301
-0.06986911
-0.06674523
-0.113787055
-0.2322312
-1.0149444
-0.91738296
-0.20685494
-0.2509619
-0.73545843
-0.081699304
-0.58974487
-0.6441109
-0.48661432
0.024541471
0.08076397
0.2463011
-0.22587645
-0.017422182
-1.2329386
0.0006868598
0.041166287
-0.066959724
-0.67034245
-0.014018709
-0.5804268
-0.10419841
-0.29696697
-0.022205688
-0.13675883
-0.05149418
-0.06556835
0.24186859
-0.9755618
-0.9345731
-0.5020712
-0.3502995
0.019714378
-0.23744582
-0.08244252
-0.18992467
-0.6317185
-0.5283039
0.24508844
-0.2845854
-0.21780702
0.0222796
-0.030376472
-0.15180658
-0.051709197
-0.16141054
0.009655779
-0.36974716
-0.061998602
-0.026213923
-0.08835156
-0.4257399
-0.09528648
-0.07671281
-0.5161948
-0.7441242
0.1858435
-0.020136748
-0.23100251
-0.076985605
0.009774209
0.04155692
-0.46209002
0.01320814
-0.20946853
0.013497995
-0.49085277
0.047834896
-0.05054051
-0.6927277
0.040358603
-0.0006571194
-0.29603472
-0.06839245
-0.1882119
-0.052118227
-0.38465443
-0.44220865
-0.0073707043
-0.06403309
-0.09283034
-0.115416616
-0.0063677346
-0.15340063
-0.40589127
-0.10234453
-0.004942108
-0.2759949
-0.54308146
-0.017020632
-0.8856371
0.021119
-0.3042425
-0.57947034
-0.06680003
0.18835206
-0.00026323943
-0.428981
-0.5094113
0.010670215
-0.24656734
0.038002115
-0.65098214
0.069129474
-0.22720014
-0.04304053
-0.1661531
-0.66155267
-0.0379371
-0.032721993
-0.2801806
0.2676871
-0.7700624
-0.061528917
0.04747429
-0.23348646
-0.110839486
-0.82755387
0.25464463
-0.48612434
-0.012013386
-0.16259359
-0.32765666
0.008912293
0.014266131
-0.59597045
0.043807004
-0.31263185
-0.004172281
0.07824036
-0.041344874
-0.045109082
-0.5775011
-0.038367916
-0.063464925
0.163707
-0.076879516
-0.013295707
-0.03148674
-0.05780581
-0.03983862
0.018728761
-0.108145624
-0.55175054
0.14938106
0.0054268287
-0.08936392
0.037887096
-0.78770435
-0.0076993313
-0.29430014
-0.029070053
-0.03490391
-0.11508555
-0.06340342
-0.031143738
0.016258994
-0.09945241
0.016962817
-0.031209322
-0.06504384
-1.140541
-0.0047767996
-0.35109442
-0.31496102
-0.032757647
-0.014533384
0.0010948442
-0.7199604
-0.12928909
-0.24344265
-0.07245425
-0.53887177
0.0013126358
-0.24851945
0.021393841
-0.07689703
-0.21441224
-0.42328602
-0.016776767
-0.3550602
-0.24031593
-0.19044742
-0.043547474
-0.7268318
-0.5720631
-0.074162096
-0.590447
-0.37231895
-0.20149769
-1.0555832
-0.3170572
0.12345409
-0.12393432
0.022439864
-0.22971527
-0.24866201
0.044039067
-0.09359329
-0.021010516
0.08989218
-0.044402886
-0.27608696
-0.19124307
-0.22326285
-0.7958039
-0.5480783
-0.09317989
-0.039964896
0.05603319
-0.30180588
-0.3471869
-0.060402878
-0.07002974
-0.4733964
-0.36424473
-0.038808122
-0.1648328
-0.25948536
-0.026730618
-0.07170476
-0.39581007
0.021007057
-0.1209126
0.038484238
-0.67565984
-0.04472902
-0.21190892
-0.058923237
-0.3636318
-0.18024057
-0.40324324
0.034036364
-0.16420935
-0.0930124
-0.17931937
-0.39909253
-0.03384494
-0.55007017
-0.5169801
0.083964236
-0.3172757
-0.48540306
-0.04348893
-0.14954515
-0.041812953
-0.83477414
-0.42768547
-0.6953724
0.008483913
0.049334764
-0.0699726
-0.48941237
-0.6241688
-0.33595988
-0.006123576
0.4088513
-0.102820925
-0.017041514
-0.1116796
-0.04498809
-0.50826114
0.05526464
-0.41639528
-0.19245447
-0.016530449
-1.1697108
-0.40726012
-0.26093566
-0.006212808
-0.1099691
-0.29437354
-0.4117413
-0.28853768
-1.3595892
-0.5966969
-0.057153057
-0.050859444

-0.07587759
-0.74814844
0.2018096
0.02223488
-0.04311081
-0.41479635
-0.23853323
-0.18561791
0.35393363
-0.32608473
-0.15713654
-0.1461412
-0.20575468
-0.539764
0.032686017
-0.121284634
-0.08457666
-0.38052064
-0.3155495
-0.27924186
-0.17904212
-0.25731716
-0.5275424
-0.5361902
-0.118064925
0.004784206
-0.62228197
-0.340579
-0.40531445
0.05998868
-0.38713264
-0.002875379
-0.012174726
-0.47801903
0.04346391
0.055174954
-0.26364568
-0.16950035
-0.0842791
-0.99062973
-0.4253372
-0.042021684
-0.4457036
0.06842553
0.02892062
-0.696338
-0.08442568
-0.2031704
0.03392428
-0.2895837
0.032524344
0.17325987
-0.9233708
0.19279082
-0.4874231
0.28549057
-0.06893955
-0.28536564
-0.32246986
-0.65232074
-0.09902982
0.02682019
0.036131166
-0.47321096
-0.44294894
-0.7540005
-0.58862174
-0.018170295
-0.44458604
-0.060078952
-0.2880125
-0.35659212
-0.23834057
-0.20909087
-0.649259
0.12143618
-0.4303741
-0.257829
-0.12473908
-0.7118719
0.040917873
-0.59522253
0.12346209
-0.44898143
-0.39954245
-0.097540274
-0.00599446
0.029685374
0.019843994
-0.12080583
-0.08584327
0.021250173
-0.36772493
-0.13619812
-0.48243475
-0.22368221
-0.0009438936
-0.31066182
-0.031792913
-0.20439605
-0.365249
-0.76112777
-0.5266606
-0.043968424
-0.47336906
-0.007927066
-0.07285202
-0.12203629
-0.12177448
-0.6182631
-0.16323465
0.03339974
0.017372664
0.09822718
-0.010993682
-0.3242044
-0.1366304
-0.6945276
-0.21147062
0.33293456
-0.117913194
-0.015320447
-0.4632017
-0.03218336
-0.78240496
-0.081586316
-0.06349998
0.076685265
-0.5066366
-0.17947729
-0.12628679
0.015354213
-0.5106766
-0.10424
-0.06862695
-0.04985044
-0.20502508
-0.46220708
-0.12673062
-0.11679824
0.031130914
-0.7917449
-0.13305491
-0.021014577
-0.16031376
-0.22399478
0.02096718
-0.57965624
-0.92440605
-0.42169112
-0.5085788
0.035448406
-0.025613517
0.073396355
-0.19536619
-0.19048922
-0.03561382
0.010280825
0.026844585
-0.36205128
-0.05412159
-0.06584115
-0.49721384
-0.5114572
-0.0039565037
-0.0029204427
0.051394466
-0.08532032
-0.17925045
0.017695902
-0.065430716
-0.09491611
0.13248415
-0.31546387
-0.07933156
-0.12662153
-0.34234667
-0.06915937
0.027404794
-0.002274579
0.05599978
-0.60547227
-0.10479163
-0.035047792
-0.08413826
0.04831853
-0.2855464
-0.022071902
-0.08522079
-0.28203925
-0.50423765
-0.16172843
-0.083212174
-0.016079212
-0.111911185
-0.39694595
-0.09430066
0.19541614
-0.2355269
0.031767838
-0.18047683
-0.018826187
0.0097782295
-0.056895427
-0.6332029
0.09044839
-0.14777136
-0.49806195
-0.73307055
-0.2876923
-0.2185287
-0.048248604
-0.120102465
0.043828502
-0.011825975
-0.18856478
-0.052661512
0.16840902
0.0741018
-0.60186297
-0.50527984
0.10311569
0.016758299
-0.03896018
-0.20519042
-0.108380325
-0.17470664
-0.65975136
-0.6427481
-0.2320295
-0.29491472
-0.068048686
-0.26212353
-0.41221127
0.06548677
-0.08190137
-0.056116965
-0.10122598
-0.5904625
-0.56182826
-0.31149477
0.014798414
-0.055662528
0.05166711
0.03304911
-0.6875634
-0.25223202
-0.3061623
-0.09603517
-0.59821916
-0.24319737
0.0053048935
0.045113713
0.17705204
-0.0672573
-0.043466352
-0.0417354
-0.0031804044
-0.37936047
-0.17572272
-0.011406158
-0.123557605
-0.64831084
-0.21445891
0.059766058
-0.89175135
-0.15338261
-0.14310227
-0.041268986
-0.27770084
-0.50162137
-0.008733045
-0.51405156
-0.41927162
0.064349
-0.49730262
-0.48069248
-0.09354045
-0.029517032
-0.25716096
-0.066092014
-0.34139055
0.019874899
-0.3319607
-0.29768538
-0.37504047
0.00011730945
-0.11180476
-0.03745689
-0.5114849
-0.15174599
-0.03146961
-0.087437995
0.007347144
0.0431076
0.045774102
0.09944194
-0.019826371
-0.5440241
-0.42770788
0.21656398
-0.36557162
-0.16080555
-0.23290306
-0.09665058
-0.060555078
-0.21556492
0.15176588
0.13943179
-0.33795634
-0.19286999
-0.1913758
-0.83008146
-0.7885684
-0.29950327
-0.263632
-0.06457649
-0.13213193
-0.08658791
-0.004853308
-0.09232242
0.0115059335
-0.66570264
0.33480728
-0.016692264
-0.044433
0.01873305
-0.18071432
-0.42457995
-0.17249896
-0.6300641
0.047644947
-0.1775846
-0.44070742
0.030268269
-0.025775036
-0.5389956
0.18396236
-0.024256729
-0.55935687
0.014032118
-0.02154682
-1.2562016
-0.12163266
-0.01019627
-0.3856714
-0.28695476
-1.4622947
0.006645601
-0.092392966
-0.6597078
0.10776635
-0.54658
-0.18835624
0.11079985
0.0026868645
-0.38321513
-0.11825909
-0.07344241
-0.020138083
-0.22470357
0.0125028165
0.0031128523
-0.16960613
-0.4816317
-0.07546578
0.0061407574
-0.041605845
-0.023785615
-0.16593958
0.008577967
-0.48529565
-0.13440643
-0.3137201
-0.5957648
-0.030358749
-0.4908976
-0.111287385
0.067665026
-0.683261
-0.13921238
-0.8627888
-0.4498989
0.25538626
0.25437337
-0.015108809
-0.068941586
-0.6167662
-0.054453976
-0.8637579
-0.34193957
-0.055876177
0.061836276
-0.103714176
-0.027804738
-0.035597246
-0.18991771
0.086831905
-0.3855
0.018892407
-0.09058789
-0.7153612
0.06348588
0.28410906
-0.6639753
-0.2761046
-0.012659101
-0.47056642
-0.017279727
-0.24430066
-0.11363581
0.046486612
-0.05543773
-0.48451492
0.0054857563
-0.44893378
-0.5332236
-0.17102376
-0.17311473
-0.46410382
-0.13092057
-0.08380693
-0.006047237
0.24507652
-0.10101516
0.2154371
-0.5345547
-0.340037
-0.14638177
-0.09948953
-0.039398912
-0.23480102
0.15700994
-0.50197184
-0.19030759
-0.5773436
-0.09087626
-0.6571681
-0.30114713
-0.48419192
-0.38490048
-0.26187342
0.015888052
-0.30353445
-0.17408432
-0.06484692
-0.49210364
-0.01838308
-0.2193131
-0.14701757
-0.2628811
-0.37523454
0.05472937
-0.023000242
-0.07591166
0.0119982725
-0.24664545
0.037335344
0.004412481
-0.102584906
0.16732724
0.004510446
-0.1625772
-0.18313666
-0.6565746
-0.3870117
-0.500218
-0.5365875
-0.03389098
0.0018743433
-0.8320356
-0.5183851
-0.14906555
-0.15182166
-0.047697853
0.25404787
-0.03259646
-0.6113668
-0.0047337194
0.012954424
-0.20126642
-0.12366142
-0.12261849
0.09134535
-0.6614704
-0.1197147
-0.5536377
-0.7001139
0.21099345
-0.353014
-0.28428313
-0.85524803
0.025138358
-0.09416316
-0.5895501
-0.08454273
-0.2623576
-0.05625777
0.4356156
-0.4954182
-0.31073904
-0.12453502
-0.126032
-0.54497015
0.014365128
-0.23270535
-0.640084
-0.17009173
-0.32719123
-0.21369208
-0.16416602
-0.04100614
-0.03986441

-0.41786686
-0.75794226
-0.5389279
-0.17544736
-0.4341701
-0.1780613
-0.45286378
-0.0493754
-0.88183856
0.0023156353
-0.17110328
-0.29625008
-0.7527187
-0.83752674
0.06357578
-0.657408
0.03209868
-0.2137605
-0.2954373
-0.009572001
-0.07980724
0.02133381
-0.46750256
-0.29670787
0.003554326
0.00047967964
-0.59973794
-0.121136
-0.063968726
0.009269991
-0.12792861
-0.06849553
-0.096892856
-0.23914182
-0.6000796
-0.15503398
-0.25999886
-0.439387
-0.034462437
-0.7883647
-0.15295818
-0.1078899
-0.7359187
-0.023518628
0.034546304
-0.20778354
-0.27013224
-0.1521157
-0.08985324
-0.6645649
-0.31929782
-0.066182256
-0.43821356
-0.30260682
-0.8062174
-0.5205755
-0.041659556
0.0055076904
0.042033646
-0.10331953
-0.18762088
-0.4941676
-0.1914873
-0.72168857
-0.44531643
-1.2303272
-0.35373178
-0.07424984
-0.10858526
0.035301894
-0.26369277
-0.1557689
0.17343645
-0.28772125
0.08909462
-0.74497586
-0.4754498
0.015609676
-0.5197956
-0.3735448
-0.048279434
-0.38569131
0.15778384
-0.2574055
-0.50336146
0.100799
-0.6230363
-0.031300034
-0.035982586
-0.12619929
-0.17932066
-0.15850341
-0.4522147
0.03214954
-0.28915915
-0.5183627
-0.43788123
0.07265282
-0.22640532
-0.38506907
-0.09877359
-0.9006898
-0.26917955
0.028707575
-0.108439036
-0.31757453
0.093506284
-0.031230677
-0.25911584
0.13153921
-0.039105806
0.040885106
0.0065271854
-0.39265847
0.03426626
-0.2809763
-0.0039542336
-0.63682854
-0.0028804026
-0.59510547
0.0062840916
-0.12767427
-0.5405037
-0.34718397
-0.7314503
-0.050264973
-0.5276141
0.035119876
-0.05597742
-0.3629013
-0.04693631
0.018477889
-0.049045857
-0.106657706
-0.26439264
-0.01636503
-0.06510347
-0.50344026
-0.012030619
0.05393698
0.053942706
-0.6339962
-0.004982948
-0.10731375
-0.000577267
-0.121548064
-0.05861861
0.08076334
-0.90626997
-0.07897582
-0.47992805
0.003438029
-0.44370037
-0.061397403
0.047511116
-0.28870064
-0.08061193
-0.051878825
-0.08761234
0.0921621
0.025855094
-0.1427387
-0.17035088
-0.24640009
-0.08638131
-0.07919905
-0.15769452
-0.016672496
-0.09101869
0.054745775
-0.5588531
-0.106768236
-0.11643647
-0.3641329
-0.121101804
-0.050054904
-0.27887362
-0.054126974
-0.41609356
-0.5930063
-0.0590465
-0.6898653
-0.21281734
-0.13196565
-0.064785816
0.017135996
-0.3512633
-0.7524015
-0.78945094
-0.4217964
0.04365093
0.054803237
0.004576611
0.006493332
-0.05889077
-0.1431199
-0.10687667
-0.4496527
-0.17015296
-0.03232667
-0.96081
-0.103489704
-0.16914837
-0.30754733
-0.39298454
-0.17843688
-0.050930254
-0.1868547
-0.48752126
-0.7194571
-0.38320765
0.17302239
-0.027626205
-0.15767685
0.025085231
0.09868727
-0.34006715
-0.35819796
-0.5600672
-0.6640854
-0.43201736
-0.40913823
0.27063403
-0.1480091
-0.33452463
-0.35986823
-0.14494272
-0.69023925
-0.47599068
-0.17387633
-0.011096605
0.050489616
-0.36334315
-0.117292695
-0.42127335
-0.6019111
-0.18774752
-0.18915036
-0.6038906
0.0039611044
0.09472828
-0.2685185
0.075588405
-0.4131483
-0.08070274
-0.22273435
-0.3763758
-0.375592
-0.047530077
-1.4596955
-0.6627464
-0.108604126
-0.010490515
0.20963225
0.07849122
-0.354588
-0.07059467
-0.20518336
-0.65001243
0.011370401
0.015467184
-0.14585042
-0.13486636
-0.43459472
0.06858576
-0.89450747
-0.3426963
-0.33839226
-0.6214297
-0.37748486
0.021942116
0.06650482
0.13334827
-0.55429524
-0.15854359
-0.1245404
0.0024878057
-0.098317906
-0.029974885
-0.27936354
-0.3343577
-0.17138574
-0.462709
-0.11738651
-0.09190152
-0.31698236
-0.028865548
-0.058357153
-0.11339337
-0.15624908
-0.25516212
-0.08150775
0.008937764
-0.033662267
0.026476208
-0.036092374
-0.49707186
0.0025628384
-0.49763656
-0.32207522
-0.32606366
0.007145237
0.019650834
-0.024206145
-0.03687033
-0.01732265
-0.031948958
-0.10373218
-0.37468007
0.021248942
-0.015543372
-0.2263557
-0.6678495
-0.5780553
-0.2757425
-0.13343562
-0.29895654
-0.00385702
-0.05198766
-0.27578795
0.11327254
-0.09931461
-0.7974701
-0.7021583
-0.014449739
-0.5474878
-0.19799128
-0.25260717
-0.61001736
-0.024009556
-0.2641041
-0.057555187
-0.027577909
-0.350981
-0.0203538
-0.061895404
-0.4246882
-0.11574795
-0.08835608
-0.34676614
0.05365829
0.01887095
-1.1697836
-0.342501
-0.036424246
-0.07498602
-0.4348062
-1.0100898
-0.030105596
0.00070517114
-0.41327152
0.009234325
-0.3279357
-0.10122158
-0.17320374
-0.17681777
-0.24430345
0.13854714
0.02196787
-0.04716449
-0.021956762
0.035660375
-0.07241503
-0.04372019
-0.24393143
-0.34102908
-0.068974845
-0.42892936
-0.05579491
-0.04080576
-0.4167095
-0.057701033
-0.030465042
-0.010879468
0.08801706
-0.23160975
-0.3906171
0.006605599
-0.2023474
-0.48885906
-0.056690328
-0.771745
-0.1292259
-0.13134497
-0.29088637
-0.010380502
-0.11123371
-0.65312403
-0.06265341
-0.5276228
-0.31803557
-0.094913065
-0.0041672867
-0.217676
-0.01034656
-0.18689188
-0.0917213
-0.3853411
-0.10405135
-0.0838322
-0.046018545
-0.18424167
0.0055664
-0.28630435
-0.33199483
-0.012513639
-0.016372418
0.021359501
-0.35310555
-0.104666136
0.038518522
0.011682472
-0.25732428
-0.6188948
-0.5875373
0.11844674
-0.23936059
0.14839424
-0.42353514
-0.095279805
-0.080580294
-0.0010095607
-0.12961401
-0.104102775
-0.1259808
-0.7181802
-0.013621728
-0.1469797
0.011700318
-0.15710469
-0.261274
-0.27569342
-0.13929655
-0.59579015
0.023844339
-0.17137285
0.010971765
-0.20332505
0.01446119
-0.019838044
-0.4357058
-0.046541966
0.03456977
-0.25341856
-0.41388825
-0.0602598
-0.46609834
0.0466247
0.056206636
-0.14723118
-0.20480107
-0.028561573
-0.6412542
-0.2823029
-0.02857188
0.07808019
0.052180428
0.007131398
-0.24202642
-0.1165986
-0.35934404
-0.3270543
-0.02717777
-0.12206183
-0.49385214
-0.24530898
0.08200658
-0.2834603
-0.04721596
-0.21294066
-0.5556831
-0.24624582
-0.08103028
-0.046546075
0.012107154
-0.42263192
-0.02804958
0.08047924
-0.13207632
-0.09438934
-0.07346622
-0.7743246
0.17611714
-0.5293771
-0.26783636
-0.005460696
-0.7548035
-0.75838256
-0.32431072
-0.42555666
-0.32644197
-0.43159592
-0.45340756
-0.010982929
-0.46899077
0.01941718
-0.8735041
0.06887449
-0.64931154
-0.47255245
-0.033789005
-0.7602837
-0.013166541
-0.0595921
-0.020572077
-0.17403185
-0.29287916
-0.22059837
0.10343493
-0.52684987
-0.078298286
-0.121915646
-0.125602

